19335	211275	31.203125
19335	527692	31.1875
19335	527697	31.171875
19335	342431	31.171875
19335	527690	31.140625
19335	161606	31.140625
19335	772234	31.09375
19335	819171	31.0625
19335	93557	31.0625
19335	772225	31.0625
19335	1731	31.046875
19335	129771	31.046875
19335	478232	31.046875
19335	354219	31.046875
19335	109062	31.046875
19335	503739	31.046875
19335	677305	31.03125
19335	677297	31.03125
19335	763108	31.03125
19335	763110	31.03125
19335	763113	31.03125
19335	197029	31.015625
19335	284841	31.015625
19335	740715	31.015625
19335	1726	31.015625
19335	819168	31.015625
19335	527695	31.015625
19335	211270	31.0
19335	284842	31.0
19335	584350	31.0
19335	284845	31.0
19335	341563	31.0
19335	567427	31.0
19335	769624	31.0
19335	772227	31.0
19335	800453	31.0
19335	256750	30.984375
19335	287274	30.984375
19335	210536	30.984375
19335	429850	30.984375
19335	92472	30.984375
19335	503735	30.984375
19335	800449	30.984375
19335	530424	30.984375
19335	1729	30.96875
19335	298110	30.96875
19335	392319	30.96875
19335	210535	30.96875
19335	429847	30.96875
19335	429851	30.96875
19335	211269	30.96875
19335	1725	30.96875
19335	636712	30.96875
19335	577193	30.96875
19335	262137	30.953125
19335	772228	30.953125
19335	32232	30.953125
19335	527698	30.953125
19335	630063	30.953125
19335	114025	30.953125
19335	301577	30.9375
19335	519506	30.9375
19335	39115	30.9375
19335	211272	30.9375
19335	223327	30.9375
19335	826334	30.9375
19335	165465	30.9375
19335	333757	30.9375
19335	643163	30.9375
19335	712806	30.9375
19335	170919	30.9375
19335	796389	30.9375
19335	61930	30.921875
19335	584358	30.921875
19335	769626	30.921875
19335	298108	30.921875
19335	436828	30.921875
19335	527691	30.921875
19335	354218	30.921875
19335	436822	30.921875
19335	527689	30.921875
19335	342427	30.921875
19335	219934	30.921875
19335	470249	30.921875
19335	859347	30.921875
19335	517592	30.90625
19335	782663	30.90625
19335	527694	30.90625
19335	602191	30.90625
19335	636713	30.90625
19335	712805	30.90625
19335	734245	30.90625
19335	39111	30.90625
19335	165464	30.90625
19335	519499	30.90625
19335	519501	30.90625
19335	426354	30.90625
19335	859341	30.90625
19335	29850	30.90625
19335	724473	30.90625
47923	473809	31.109375
47923	6191	31.015625
47923	618556	30.96875
47923	829484	30.859375
47923	288293	30.828125
47923	473807	30.8125
47923	525511	30.8125
47923	385687	30.78125
47923	727614	30.78125
47923	525513	30.78125
47923	766019	30.78125
47923	820642	30.765625
47923	129219	30.765625
47923	476983	30.765625
47923	146706	30.75
47923	820644	30.75
47923	525507	30.734375
47923	611017	30.734375
47923	611018	30.734375
47923	70829	30.734375
47923	99926	30.734375
47923	291219	30.734375
47923	472111	30.734375
47923	766025	30.71875
47923	566677	30.71875
47923	778272	30.703125
47923	201913	30.703125
47923	264754	30.703125
47923	525512	30.6875
47923	291227	30.6875
47923	553842	30.6875
47923	537645	30.671875
47923	291224	30.671875
47923	510981	30.671875
47923	238148	30.65625
47923	820645	30.65625
47923	829481	30.65625
47923	436332	30.640625
47923	388876	30.640625
47923	99928	30.625
47923	553843	30.625
47923	84017	30.625
47923	829489	30.625
47923	201930	30.625
47923	129218	30.625
47923	201915	30.609375
47923	618554	30.609375
47923	668327	30.609375
47923	766028	30.59375
47923	495327	30.59375
47923	99929	30.59375
47923	264755	30.59375
47923	704933	30.578125
47923	495318	30.578125
47923	829486	30.578125
47923	291225	30.578125
47923	326965	30.578125
47923	201922	30.578125
47923	388870	30.5625
47923	294788	30.5625
47923	458245	30.5625
47923	201925	30.5625
47923	778279	30.546875
47923	178017	30.546875
47923	291226	30.546875
47923	766024	30.546875
47923	611021	30.546875
47923	766023	30.53125
47923	129217	30.53125
47923	766020	30.53125
47923	766021	30.53125
47923	473811	30.53125
47923	829487	30.515625
47923	288290	30.515625
47923	829480	30.5
47923	197431	30.484375
47923	23551	30.484375
47923	836646	30.484375
47923	611271	30.484375
47923	264748	30.484375
47923	595672	30.484375
47923	391170	30.484375
47923	618561	30.46875
47923	618555	30.46875
47923	238142	30.46875
47923	495326	30.453125
47923	295848	30.453125
47923	238515	30.453125
47923	238517	30.453125
47923	473803	30.453125
47923	808931	30.453125
47923	388872	30.4375
47923	459885	30.4375
47923	541190	30.4375
47923	835112	30.4375
47923	264746	30.4375
47923	352574	30.4375
47923	618558	30.4375
47923	385680	30.4375
47923	99924	30.4375
87181	47210	31.046875
87181	742425	31.046875
87181	47203	31.015625
87181	47206	30.984375
87181	123547	30.953125
87181	47207	30.859375
87181	471769	30.859375
87181	172170	30.84375
87181	528092	30.8125
87181	229431	30.796875
87181	47212	30.796875
87181	47205	30.796875
87181	47211	30.796875
87181	47204	30.78125
87181	799882	30.78125
87181	471770	30.78125
87181	123548	30.765625
87181	131520	30.765625
87181	76523	30.765625
87181	137517	30.765625
87181	295628	30.75
87181	256175	30.75
87181	540950	30.734375
87181	628944	30.734375
87181	405612	30.734375
87181	376284	30.71875
87181	518465	30.71875
87181	377541	30.703125
87181	511401	30.703125
87181	752937	30.703125
87181	753717	30.703125
87181	47208	30.703125
87181	193668	30.6875
87181	753718	30.6875
87181	817192	30.6875
87181	376285	30.6875
87181	735534	30.6875
87181	699255	30.671875
87181	752931	30.671875
87181	652422	30.671875
87181	262961	30.671875
87181	394352	30.671875
87181	753721	30.65625
87181	817193	30.65625
87181	325449	30.65625
87181	377543	30.65625
87181	518470	30.65625
87181	377544	30.65625
87181	752938	30.65625
87181	588535	30.65625
87181	495473	30.65625
87181	262952	30.640625
87181	182780	30.640625
87181	229623	30.640625
87181	229624	30.640625
87181	601921	30.640625
87181	508226	30.640625
87181	195141	30.640625
87181	377542	30.640625
87181	4483	30.640625
87181	195135	30.640625
87181	753713	30.640625
87181	77352	30.640625
87181	174107	30.625
87181	174110	30.625
87181	508227	30.625
87181	169899	30.625
87181	229620	30.625
87181	405618	30.625
87181	707406	30.625
87181	742419	30.625
87181	803955	30.625
87181	817190	30.625
87181	663650	30.625
87181	193672	30.625
87181	236159	30.625
87181	406214	30.625
87181	398761	30.625
87181	711933	30.625
87181	82888	30.625
87181	436086	30.625
87181	817197	30.625
87181	208738	30.625
87181	236160	30.625
87181	274525	30.625
87181	649995	30.625
87181	511403	30.625
87181	131522	30.609375
87181	471775	30.609375
87181	735529	30.609375
87181	752935	30.609375
87181	719754	30.609375
87181	735532	30.609375
87181	799881	30.609375
87181	802047	30.609375
87181	362455	30.609375
87181	478092	30.609375
87181	562468	30.609375
87181	98077	30.609375
87181	518472	30.59375
87452	186931	31.203125
87452	186939	31.1875
87452	335706	30.96875
87452	202889	30.953125
87452	119522	30.9375
87452	119524	30.921875
87452	434339	30.921875
87452	202888	30.90625
87452	110898	30.90625
87452	164968	30.890625
87452	119526	30.890625
87452	202890	30.875
87452	88525	30.875
87452	335702	30.875
87452	186934	30.859375
87452	804628	30.859375
87452	408552	30.84375
87452	764761	30.84375
87452	504019	30.84375
87452	804626	30.84375
87452	576004	30.84375
87452	861789	30.828125
87452	119521	30.828125
87452	276519	30.8125
87452	804627	30.8125
87452	230601	30.8125
87452	110890	30.8125
87452	434336	30.78125
87452	436653	30.78125
87452	88528	30.78125
87452	789194	30.78125
87452	804624	30.78125
87452	576003	30.78125
87452	804625	30.78125
87452	280276	30.78125
87452	848836	30.765625
87452	458071	30.765625
87452	612265	30.765625
87452	335700	30.765625
87452	804630	30.765625
87452	102956	30.75
87452	230497	30.75
87452	291561	30.75
87452	852968	30.75
87452	25275	30.75
87452	25993	30.75
87452	280278	30.75
87452	41677	30.75
87452	556053	30.75
87452	764755	30.75
87452	88522	30.75
87452	393450	30.75
87452	60690	30.75
87452	88531	30.75
87452	612164	30.75
87452	824919	30.734375
87452	41683	30.734375
87452	230603	30.734375
87452	401492	30.734375
87452	536578	30.734375
87452	434332	30.734375
87452	47891	30.71875
87452	843399	30.71875
87452	430273	30.71875
87452	95475	30.71875
87452	537387	30.71875
87452	775364	30.71875
87452	418527	30.71875
87452	280273	30.71875
87452	320628	30.703125
87452	128556	30.703125
87452	410359	30.703125
87452	431021	30.703125
87452	612267	30.703125
87452	335705	30.703125
87452	692033	30.703125
87452	251650	30.703125
87452	672333	30.703125
87452	620973	30.6875
87452	134166	30.6875
87452	296101	30.6875
87452	410367	30.6875
87452	485927	30.6875
87452	315225	30.6875
87452	183567	30.671875
87452	466729	30.671875
87452	88527	30.671875
87452	511742	30.671875
87452	512744	30.671875
87452	512746	30.671875
87452	692027	30.671875
87452	410368	30.671875
87452	703051	30.671875
87452	824454	30.671875
87452	514930	30.671875
87452	529167	30.671875
87452	335707	30.671875
87452	699728	30.671875
87452	95478	30.65625
87452	102951	30.65625
104861	459676	31.015625
104861	459675	30.984375
104861	629276	30.9375
104861	629274	30.9375
104861	146170	30.9375
104861	599604	30.9375
104861	106492	30.921875
104861	629273	30.890625
104861	629270	30.890625
104861	146169	30.890625
104861	146176	30.890625
104861	171927	30.890625
104861	629277	30.875
104861	146174	30.875
104861	581249	30.859375
104861	715676	30.84375
104861	796246	30.84375
104861	146171	30.84375
104861	298180	30.84375
104861	335342	30.84375
104861	459022	30.84375
104861	197253	30.84375
104861	106498	30.84375
104861	146172	30.828125
104861	629272	30.828125
104861	321312	30.828125
104861	106494	30.828125
104861	236954	30.828125
104861	330054	30.828125
104861	330051	30.828125
104861	454829	30.828125
104861	608815	30.828125
104861	629278	30.8125
104861	11794	30.8125
104861	278856	30.8125
104861	883746	30.8125
104861	7325	30.8125
104861	538021	30.8125
104861	754409	30.8125
104861	790655	30.8125
104861	606005	30.8125
104861	649735	30.8125
104861	505928	30.8125
104861	649738	30.796875
104861	85478	30.796875
104861	85479	30.796875
104861	376148	30.796875
104861	649737	30.796875
104861	386263	30.796875
104861	588707	30.796875
104861	442612	30.796875
104861	530021	30.78125
104861	754407	30.78125
104861	146177	30.78125
104861	160017	30.78125
104861	335349	30.78125
104861	502095	30.78125
104861	754410	30.78125
104861	435491	30.78125
104861	740694	30.78125
104861	105746	30.78125
104861	16476	30.78125
104861	705538	30.765625
104861	630005	30.765625
104861	848204	30.765625
104861	459683	30.765625
104861	466957	30.765625
104861	588702	30.765625
104861	649740	30.765625
104861	883748	30.765625
104861	15307	30.765625
104861	454832	30.765625
104861	227956	30.75
104861	629279	30.75
104861	146173	30.75
104861	146175	30.75
104861	530022	30.75
104861	30743	30.75
104861	249950	30.75
104861	30735	30.75
104861	30738	30.75
104861	100091	30.75
104861	485490	30.75
104861	526187	30.75
104861	89356	30.75
104861	588705	30.75
104861	227955	30.734375
104861	555763	30.734375
104861	386264	30.734375
104861	335348	30.734375
104861	592439	30.734375
104861	60304	30.734375
104861	295543	30.734375
104861	591664	30.734375
104861	125647	30.734375
104861	230583	30.734375
104861	439299	30.734375
104861	114644	30.734375
104861	462487	30.734375
104861	538232	30.734375
130510	799647	31.203125
130510	179622	30.71875
130510	179623	30.71875
130510	783664	30.6875
130510	112332	30.671875
130510	783665	30.625
130510	783662	30.609375
130510	203714	30.609375
130510	799005	30.59375
130510	280119	30.578125
130510	799002	30.578125
130510	86830	30.578125
130510	101209	30.578125
130510	768251	30.578125
130510	96803	30.578125
130510	232445	30.5625
130510	381167	30.5625
130510	611205	30.5625
130510	641393	30.546875
130510	203721	30.546875
130510	96810	30.546875
130510	783658	30.546875
130510	112331	30.53125
130510	510786	30.53125
130510	86827	30.53125
130510	584737	30.53125
130510	799004	30.53125
130510	79452	30.53125
130510	440983	30.53125
130510	584733	30.53125
130510	815703	30.53125
130510	837069	30.53125
130510	440976	30.53125
130510	440978	30.53125
130510	883988	30.53125
130510	94111	30.53125
130510	203715	30.53125
130510	28431	30.53125
130510	79445	30.515625
130510	541752	30.515625
130510	166463	30.515625
130510	149371	30.515625
130510	521703	30.515625
130510	101208	30.515625
130510	474939	30.515625
130510	566524	30.515625
130510	566519	30.515625
130510	799643	30.515625
130510	319552	30.515625
130510	566520	30.515625
130510	799003	30.515625
130510	449127	30.515625
130510	96807	30.515625
130510	617229	30.515625
130510	381161	30.5
130510	783657	30.5
130510	783660	30.5
130510	281386	30.5
130510	768250	30.5
130510	722184	30.5
130510	783661	30.5
130510	883985	30.5
130510	96808	30.5
130510	427514	30.5
130510	222746	30.5
130510	219827	30.5
130510	281424	30.5
130510	783656	30.484375
130510	221453	30.484375
130510	96806	30.484375
130510	435745	30.484375
130510	440977	30.484375
130510	542110	30.484375
130510	203718	30.484375
130510	459175	30.484375
130510	768254	30.484375
130510	799001	30.484375
130510	689913	30.484375
130510	764337	30.484375
130510	766704	30.46875
130510	112334	30.46875
130510	153196	30.46875
130510	597148	30.46875
130510	691377	30.46875
130510	815711	30.46875
130510	364956	30.46875
130510	510782	30.46875
130510	101205	30.46875
130510	111505	30.46875
130510	474935	30.453125
130510	101204	30.453125
130510	148380	30.453125
130510	290286	30.453125
130510	391862	30.453125
130510	440982	30.453125
130510	514571	30.453125
130510	671609	30.453125
130510	287988	30.453125
130510	657042	30.453125
130510	806746	30.453125
131843	31718	30.875
131843	135934	30.84375
131843	352863	30.84375
131843	31716	30.828125
131843	31715	30.8125
131843	334411	30.796875
131843	749624	30.796875
131843	732876	30.78125
131843	163150	30.78125
131843	352864	30.765625
131843	797875	30.765625
131843	749628	30.765625
131843	312870	30.765625
131843	703491	30.765625
131843	499942	30.75
131843	30967	30.75
131843	771618	30.75
131843	749629	30.75
131843	779095	30.75
131843	468330	30.734375
131843	483269	30.734375
131843	732869	30.734375
131843	82662	30.734375
131843	521300	30.734375
131843	733262	30.734375
131843	821630	30.734375
131843	163149	30.734375
131843	497541	30.734375
131843	555230	30.734375
131843	563732	30.734375
131843	714683	30.71875
131843	228938	30.71875
131843	714685	30.71875
131843	357564	30.71875
131843	163153	30.71875
131843	163152	30.71875
131843	220962	30.71875
131843	749627	30.71875
131843	220367	30.71875
131843	778627	30.71875
131843	883178	30.71875
131843	14055	30.71875
131843	101794	30.703125
131843	31721	30.703125
131843	352869	30.703125
131843	721881	30.703125
131843	499945	30.703125
131843	163147	30.703125
131843	231171	30.703125
131843	163148	30.703125
131843	779090	30.703125
131843	336918	30.703125
131843	883175	30.703125
131843	461189	30.6875
131843	551688	30.6875
131843	755416	30.6875
131843	98602	30.6875
131843	288199	30.6875
131843	469280	30.6875
131843	304746	30.6875
131843	185423	30.6875
131843	588837	30.6875
131843	779093	30.6875
131843	779096	30.6875
131843	163155	30.6875
131843	201499	30.671875
131843	462322	30.671875
131843	501683	30.671875
131843	812677	30.671875
131843	469279	30.671875
131843	483267	30.671875
131843	671809	30.671875
131843	779097	30.671875
131843	406061	30.671875
131843	479555	30.65625
131843	467560	30.65625
131843	31717	30.65625
131843	878159	30.65625
131843	241660	30.65625
131843	31713	30.65625
131843	808180	30.65625
131843	440849	30.65625
131843	220371	30.65625
131843	779091	30.65625
131843	779089	30.65625
131843	757111	30.65625
131843	828905	30.640625
131843	340096	30.640625
131843	312868	30.640625
131843	48484	30.640625
131843	779094	30.640625
131843	532399	30.640625
131843	831807	30.640625
131843	82658	30.625
131843	818838	30.625
131843	201501	30.625
131843	483271	30.625
131843	288200	30.625
131843	381861	30.625
131843	31722	30.625
146187	744165	30.84375
146187	744167	30.796875
146187	76348	30.609375
146187	315525	30.375
146187	76344	30.28125
146187	76342	30.25
146187	45008	30.234375
146187	76349	30.203125
146187	76346	30.1875
146187	251613	30.15625
146187	2509	30.140625
146187	744163	30.140625
146187	744166	30.125
146187	744171	30.125
146187	23754	30.109375
146187	402487	30.109375
146187	407262	30.09375
146187	744168	30.09375
146187	409935	30.078125
146187	373080	30.078125
146187	624176	30.0625
146187	425718	30.0625
146187	234221	30.046875
146187	425717	30.046875
146187	76351	30.046875
146187	76343	30.046875
146187	672070	30.046875
146187	296627	30.03125
146187	419227	30.03125
146187	425834	30.03125
146187	768701	30.03125
146187	768702	30.03125
146187	389110	30.03125
146187	95381	30.03125
146187	841336	30.03125
146187	743006	30.03125
146187	396377	30.03125
146187	708945	30.015625
146187	406647	30.015625
146187	782051	30.015625
146187	253798	30.015625
146187	425712	30.015625
146187	248548	30.015625
146187	552213	30.015625
146187	20947	30.0
146187	148113	30.0
146187	220935	30.0
146187	773511	30.0
146187	879337	30.0
146187	69765	30.0
146187	183111	30.0
146187	358483	30.0
146187	248544	30.0
146187	727800	30.0
146187	794409	30.0
146187	209472	30.0
146187	432287	29.984375
146187	409933	29.984375
146187	253799	29.984375
146187	50492	29.984375
146187	228440	29.984375
146187	576327	29.984375
146187	48483	29.984375
146187	727245	29.984375
146187	248553	29.984375
146187	315776	29.984375
146187	367631	29.984375
146187	672068	29.984375
146187	162502	29.984375
146187	624172	29.96875
146187	152484	29.96875
146187	183106	29.96875
146187	591254	29.96875
146187	603218	29.96875
146187	774578	29.96875
146187	64896	29.96875
146187	148120	29.96875
146187	148573	29.96875
146187	181642	29.96875
146187	796336	29.96875
146187	86004	29.96875
146187	172656	29.96875
146187	228442	29.96875
146187	484287	29.96875
146187	200423	29.953125
146187	333640	29.953125
146187	397095	29.953125
146187	502196	29.953125
146187	20950	29.953125
146187	241070	29.953125
146187	341586	29.953125
146187	419419	29.953125
146187	425714	29.953125
146187	447230	29.953125
146187	120050	29.953125
146187	859624	29.953125
146187	119131	29.953125
146187	371835	29.953125
146187	379728	29.953125
146187	425721	29.953125
148538	231455	31.4375
148538	332400	31.34375
148538	332402	31.34375
148538	332401	31.3125
148538	581145	31.3125
148538	615407	31.3125
148538	332406	31.265625
148538	231453	31.25
148538	398535	31.25
148538	615401	31.25
148538	753805	31.25
148538	615402	31.21875
148538	543841	31.21875
148538	784460	31.203125
148538	820313	31.203125
148538	208318	31.203125
148538	190794	31.1875
148538	615403	31.1875
148538	208314	31.1875
148538	190801	31.171875
148538	788153	31.171875
148538	231459	31.171875
148538	231450	31.171875
148538	433575	31.15625
148538	451558	31.15625
148538	615400	31.15625
148538	23586	31.15625
148538	23591	31.15625
148538	231452	31.140625
148538	23588	31.140625
148538	844361	31.125
148538	118657	31.125
148538	844358	31.125
148538	332407	31.125
148538	844363	31.125
148538	766063	31.125
148538	404864	31.109375
148538	565756	31.109375
148538	748723	31.109375
148538	811946	31.109375
148538	796190	31.09375
148538	208316	31.09375
148538	734990	31.09375
148538	820304	31.09375
148538	88107	31.09375
148538	565761	31.09375
148538	644688	31.09375
148538	820309	31.09375
148538	436836	31.09375
148538	678225	31.09375
148538	678220	31.09375
148538	811950	31.09375
148538	245019	31.09375
148538	363879	31.078125
148538	597344	31.078125
148538	615406	31.078125
148538	23583	31.078125
148538	23585	31.078125
148538	451554	31.078125
148538	820305	31.078125
148538	332398	31.078125
148538	451559	31.0625
148538	332404	31.0625
148538	844359	31.0625
148538	245016	31.0625
148538	118662	31.0625
148538	451562	31.0625
148538	565754	31.0625
148538	565755	31.0625
148538	753811	31.0625
148538	595335	31.046875
148538	153920	31.046875
148538	451557	31.046875
148538	724387	31.046875
148538	136210	31.046875
148538	565757	31.046875
148538	208313	31.03125
148538	231541	31.03125
148538	451561	31.03125
148538	512198	31.03125
148538	208319	31.03125
148538	796739	31.03125
148538	451553	31.03125
148538	451560	31.03125
148538	231454	31.03125
148538	678219	31.03125
148538	512199	31.015625
148538	384680	31.015625
148538	332403	31.015625
148538	332399	31.015625
148538	615405	31.015625
148538	710070	31.015625
148538	332405	31.015625
148538	724395	31.015625
148538	136207	31.015625
148538	820312	31.0
148538	798835	31.0
148538	95312	31.0
148538	131908	31.0
148538	451556	31.0
156493	95518	31.28125
156493	349641	31.265625
156493	95514	31.25
156493	349645	31.25
156493	349638	31.25
156493	750111	31.25
156493	95515	31.25
156493	316872	31.234375
156493	95521	31.21875
156493	349643	31.21875
156493	95512	31.1875
156493	59106	31.1875
156493	59101	31.1875
156493	59105	31.171875
156493	95517	31.171875
156493	349639	31.171875
156493	95519	31.15625
156493	349644	31.15625
156493	26130	31.140625
156493	349637	31.125
156493	662448	31.09375
156493	662453	31.09375
156493	26125	31.09375
156493	349640	31.09375
156493	627305	31.09375
156493	278176	31.078125
156493	26123	31.0625
156493	117185	31.0625
156493	553772	31.046875
156493	26121	31.03125
156493	531278	31.03125
156493	627304	31.03125
156493	750114	31.03125
156493	26124	31.03125
156493	278171	31.03125
156493	468074	31.015625
156493	553769	31.015625
156493	26127	31.015625
156493	95513	31.015625
156493	627311	31.015625
156493	568170	31.015625
156493	627306	31.015625
156493	26129	31.0
156493	59098	31.0
156493	147333	31.0
156493	278170	31.0
156493	343689	31.0
156493	422141	30.984375
156493	147329	30.984375
156493	278172	30.984375
156493	95516	30.984375
156493	117187	30.984375
156493	95520	30.96875
156493	468077	30.96875
156493	627310	30.96875
156493	750106	30.96875
156493	26128	30.96875
156493	26126	30.96875
156493	26122	30.96875
156493	278169	30.96875
156493	768227	30.953125
156493	343693	30.953125
156493	157870	30.953125
156493	278173	30.953125
156493	272292	30.953125
156493	59103	30.9375
156493	272298	30.9375
156493	837455	30.9375
156493	117188	30.9375
156493	486421	30.9375
156493	551112	30.9375
156493	627303	30.9375
156493	168069	30.921875
156493	278174	30.921875
156493	172990	30.921875
156493	714029	30.921875
156493	147335	30.921875
156493	714028	30.921875
156493	627302	30.921875
156493	593352	30.90625
156493	501515	30.90625
156493	450045	30.90625
156493	750113	30.90625
156493	342068	30.90625
156493	750109	30.90625
156493	65405	30.90625
156493	176239	30.90625
156493	349642	30.90625
156493	51879	30.90625
156493	127309	30.90625
156493	627309	30.890625
156493	255548	30.890625
156493	811456	30.890625
156493	255556	30.890625
156493	412773	30.890625
156493	417226	30.890625
156493	361456	30.890625
156493	714027	30.890625
156493	310412	30.890625
156493	759403	30.890625
168216	13499	31.078125
168216	290826	31.0
168216	183192	30.890625
168216	731200	30.828125
168216	856274	30.828125
168216	851276	30.8125
168216	661757	30.71875
168216	661753	30.671875
168216	290819	30.59375
168216	480093	30.578125
168216	504720	30.578125
168216	119131	30.578125
168216	540029	30.578125
168216	661750	30.578125
168216	504725	30.5625
168216	565046	30.5625
168216	788020	30.5625
168216	290818	30.5625
168216	165895	30.5625
168216	521667	30.5625
168216	521663	30.5625
168216	119130	30.5625
168216	492722	30.546875
168216	574577	30.546875
168216	746505	30.546875
168216	13496	30.546875
168216	434258	30.546875
168216	746509	30.546875
168216	826046	30.546875
168216	883291	30.53125
168216	141223	30.53125
168216	480088	30.53125
168216	746502	30.53125
168216	13492	30.53125
168216	13495	30.53125
168216	267542	30.53125
168216	493396	30.53125
168216	746506	30.53125
168216	826042	30.53125
168216	290824	30.515625
168216	540024	30.515625
168216	625087	30.515625
168216	826044	30.515625
168216	290821	30.515625
168216	385916	30.515625
168216	165900	30.515625
168216	540023	30.5
168216	125057	30.5
168216	290822	30.5
168216	290825	30.5
168216	806761	30.5
168216	141226	30.5
168216	290823	30.5
168216	625088	30.5
168216	746507	30.5
168216	13491	30.5
168216	13493	30.5
168216	165891	30.5
168216	323990	30.5
168216	385921	30.5
168216	826043	30.5
168216	69099	30.5
168216	350303	30.5
168216	290820	30.5
168216	670959	30.5
168216	746508	30.484375
168216	851275	30.484375
168216	540031	30.484375
168216	584289	30.484375
168216	323997	30.484375
168216	821622	30.484375
168216	385918	30.484375
168216	548901	30.484375
168216	625089	30.484375
168216	746504	30.484375
168216	823830	30.484375
168216	574581	30.484375
168216	670963	30.484375
168216	266933	30.484375
168216	574575	30.484375
168216	540027	30.46875
168216	165899	30.46875
168216	147948	30.46875
168216	323989	30.46875
168216	267541	30.46875
168216	290827	30.46875
168216	385917	30.46875
168216	574576	30.46875
168216	625083	30.46875
168216	790455	30.46875
168216	625082	30.453125
168216	796373	30.453125
168216	125062	30.453125
168216	267540	30.453125
168216	574572	30.453125
168216	673689	30.453125
168216	796375	30.453125
168216	746511	30.4375
168216	267543	30.4375
168216	459003	30.4375
182539	57443	31.234375
182539	57447	31.140625
182539	57444	31.09375
182539	57449	31.03125
182539	57448	30.96875
182539	57450	30.875
182539	57452	30.765625
182539	738025	30.75
182539	289979	30.75
182539	18497	30.75
182539	330179	30.75
182539	176563	30.703125
182539	721170	30.703125
182539	289976	30.6875
182539	441000	30.6875
182539	817162	30.6875
182539	738028	30.671875
182539	146695	30.671875
182539	830471	30.671875
182539	639049	30.671875
182539	544736	30.671875
182539	573655	30.671875
182539	518150	30.65625
182539	101063	30.65625
182539	80373	30.65625
182539	848847	30.65625
182539	301108	30.65625
182539	646260	30.65625
182539	738026	30.640625
182539	753037	30.640625
182539	779373	30.640625
182539	374134	30.640625
182539	292567	30.640625
182539	460008	30.640625
182539	460009	30.640625
182539	632267	30.640625
182539	781846	30.640625
182539	58710	30.625
182539	504893	30.625
182539	629610	30.625
182539	289982	30.625
182539	480804	30.625
182539	875886	30.625
182539	80372	30.609375
182539	423215	30.609375
182539	152020	30.609375
182539	405593	30.609375
182539	675450	30.609375
182539	255873	30.609375
182539	875888	30.609375
182539	19310	30.609375
182539	754637	30.609375
182539	63077	30.59375
182539	613654	30.59375
182539	290811	30.59375
182539	641569	30.59375
182539	570757	30.59375
182539	577163	30.59375
182539	781851	30.59375
182539	848840	30.59375
182539	130509	30.59375
182539	316903	30.59375
182539	773776	30.59375
182539	509347	30.59375
182539	555670	30.59375
182539	504896	30.578125
182539	659968	30.578125
182539	56894	30.578125
182539	281658	30.578125
182539	391769	30.578125
182539	558293	30.578125
182539	802555	30.578125
182539	804791	30.578125
182539	155955	30.578125
182539	761917	30.578125
182539	63823	30.578125
182539	345469	30.578125
182539	365613	30.578125
182539	401847	30.578125
182539	494804	30.578125
182539	532968	30.578125
182539	541719	30.578125
182539	37701	30.578125
182539	57451	30.578125
182539	637450	30.578125
182539	229252	30.578125
182539	404575	30.578125
182539	662877	30.5625
182539	55769	30.5625
182539	662882	30.5625
182539	289981	30.5625
182539	503144	30.5625
182539	293940	30.5625
182539	303950	30.5625
182539	237193	30.5625
182539	629608	30.5625
182539	237196	30.5625
182539	805319	30.5625
182539	177856	30.5625
182539	428315	30.5625
183378	327908	31.03125
183378	749539	30.984375
183378	327913	30.953125
183378	749542	30.9375
183378	192535	30.9375
183378	449335	30.9375
183378	327912	30.9375
183378	58272	30.9375
183378	448707	30.9375
183378	823211	30.921875
183378	229743	30.921875
183378	740135	30.921875
183378	327914	30.90625
183378	327909	30.90625
183378	828100	30.90625
183378	678584	30.90625
183378	379392	30.90625
183378	582926	30.90625
183378	486960	30.90625
183378	749540	30.890625
183378	716319	30.890625
183378	749544	30.890625
183378	749541	30.875
183378	414628	30.875
183378	137656	30.875
183378	334333	30.875
183378	368251	30.875
183378	295459	30.875
183378	414744	30.875
183378	141989	30.875
183378	749546	30.859375
183378	376576	30.859375
183378	483411	30.859375
183378	519162	30.859375
183378	843361	30.859375
183378	381060	30.859375
183378	430721	30.859375
183378	298758	30.84375
183378	195019	30.84375
183378	536819	30.828125
183378	807121	30.828125
183378	20071	30.828125
183378	20078	30.828125
183378	229745	30.828125
183378	385685	30.828125
183378	429030	30.828125
183378	165197	30.828125
183378	829021	30.828125
183378	475104	30.8125
183378	830807	30.8125
183378	771138	30.8125
183378	177592	30.8125
183378	313388	30.8125
183378	598996	30.8125
183378	623189	30.8125
183378	820645	30.8125
183378	829016	30.8125
183378	231475	30.8125
183378	829013	30.8125
183378	130567	30.8125
183378	130574	30.8125
183378	829015	30.8125
183378	574041	30.8125
183378	614654	30.8125
183378	719550	30.796875
183378	35694	30.796875
183378	162201	30.796875
183378	617291	30.796875
183378	607562	30.796875
183378	372835	30.796875
183378	834991	30.796875
183378	15762	30.796875
183378	437898	30.796875
183378	829014	30.796875
183378	153154	30.796875
183378	427082	30.796875
183378	513279	30.796875
183378	331632	30.796875
183378	618560	30.796875
183378	828108	30.78125
183378	58281	30.78125
183378	126440	30.78125
183378	501020	30.78125
183378	719544	30.78125
183378	580646	30.78125
183378	749547	30.78125
183378	849000	30.78125
183378	775302	30.78125
183378	835585	30.78125
183378	72716	30.78125
183378	260476	30.78125
183378	339967	30.78125
183378	339969	30.78125
183378	339973	30.78125
183378	482252	30.78125
183378	647404	30.78125
183378	16540	30.78125
183378	471684	30.78125
183378	141994	30.765625
183378	313392	30.765625
207786	817180	30.96875
207786	201711	30.953125
207786	817177	30.921875
207786	688489	30.90625
207786	688493	30.90625
207786	737802	30.890625
207786	13254	30.875
207786	13258	30.84375
207786	706234	30.84375
207786	673361	30.828125
207786	197297	30.828125
207786	13262	30.8125
207786	350404	30.8125
207786	551113	30.796875
207786	493419	30.796875
207786	280082	30.78125
207786	673358	30.78125
207786	187839	30.78125
207786	304630	30.78125
207786	236200	30.765625
207786	493415	30.765625
207786	524450	30.765625
207786	777826	30.765625
207786	688490	30.765625
207786	299586	30.765625
207786	350405	30.75
207786	493412	30.75
207786	860807	30.75
207786	77891	30.734375
207786	521821	30.734375
207786	493416	30.734375
207786	817173	30.734375
207786	795759	30.734375
207786	673356	30.734375
207786	596931	30.734375
207786	795755	30.71875
207786	765061	30.71875
207786	458708	30.71875
207786	673357	30.71875
207786	688485	30.71875
207786	277788	30.71875
207786	303194	30.71875
207786	304631	30.71875
207786	304622	30.71875
207786	750858	30.71875
207786	855269	30.71875
207786	493413	30.71875
207786	704501	30.71875
207786	706236	30.703125
207786	524451	30.703125
207786	688492	30.703125
207786	458701	30.703125
207786	860804	30.703125
207786	304629	30.703125
207786	244661	30.703125
207786	179042	30.6875
207786	855271	30.6875
207786	80912	30.6875
207786	831456	30.6875
207786	82624	30.6875
207786	147708	30.6875
207786	673359	30.6875
207786	795754	30.6875
207786	860802	30.6875
207786	860808	30.6875
207786	493414	30.6875
207786	521815	30.6875
207786	80915	30.6875
207786	304625	30.6875
207786	493418	30.6875
207786	688349	30.6875
207786	221045	30.671875
207786	817102	30.671875
207786	80914	30.671875
207786	707786	30.671875
207786	493421	30.671875
207786	860799	30.671875
207786	860801	30.671875
207786	353686	30.671875
207786	521817	30.671875
207786	706239	30.671875
207786	233480	30.671875
207786	314973	30.671875
207786	802988	30.671875
207786	858427	30.671875
207786	399585	30.671875
207786	197298	30.65625
207786	415766	30.65625
207786	207106	30.65625
207786	402102	30.65625
207786	658146	30.65625
207786	817097	30.65625
207786	493420	30.65625
207786	673362	30.65625
207786	855270	30.65625
207786	524449	30.65625
207786	855275	30.65625
207786	855276	30.65625
207786	197299	30.65625
207786	304624	30.65625
264014	96851	31.265625
264014	96855	31.265625
264014	447992	31.21875
264014	528379	31.15625
264014	528380	31.15625
264014	96858	31.140625
264014	96859	31.140625
264014	96857	31.140625
264014	528372	31.109375
264014	684618	31.09375
264014	684616	31.09375
264014	96852	31.078125
264014	331934	31.078125
264014	58386	31.0625
264014	331932	31.0625
264014	667686	31.0625
264014	331931	31.046875
264014	528375	31.046875
264014	684621	31.03125
264014	528377	31.015625
264014	96856	31.0
264014	528376	31.0
264014	528378	31.0
264014	58385	30.984375
264014	331929	30.984375
264014	96853	30.953125
264014	276903	30.9375
264014	331935	30.921875
264014	528381	30.921875
264014	331933	30.90625
264014	58387	30.90625
264014	684622	30.90625
264014	96854	30.890625
264014	560890	30.875
264014	547104	30.875
264014	547097	30.875
264014	552765	30.875
264014	323602	30.859375
264014	331928	30.859375
264014	825204	30.859375
264014	463117	30.8125
264014	45059	30.8125
264014	463116	30.8125
264014	188716	30.8125
264014	323600	30.8125
264014	825203	30.8125
264014	331936	30.8125
264014	528373	30.8125
264014	87371	30.796875
264014	375290	30.796875
264014	547103	30.796875
264014	705686	30.78125
264014	236022	30.78125
264014	825208	30.78125
264014	344548	30.78125
264014	265419	30.765625
264014	518133	30.765625
264014	605519	30.765625
264014	547101	30.765625
264014	705679	30.765625
264014	515563	30.765625
264014	58383	30.765625
264014	437996	30.765625
264014	45056	30.75
264014	236017	30.75
264014	631867	30.75
264014	705681	30.75
264014	236020	30.75
264014	548167	30.75
264014	123342	30.734375
264014	287963	30.734375
264014	375289	30.734375
264014	547105	30.734375
264014	236023	30.734375
264014	398202	30.734375
264014	705682	30.734375
264014	176113	30.734375
264014	318441	30.71875
264014	251022	30.71875
264014	825210	30.71875
264014	188718	30.71875
264014	803985	30.71875
264014	631872	30.703125
264014	705680	30.703125
264014	873643	30.703125
264014	635674	30.703125
264014	386476	30.703125
264014	58382	30.6875
264014	276904	30.6875
264014	251025	30.6875
264014	705687	30.6875
264014	236019	30.6875
264014	251024	30.6875
264014	323601	30.6875
264014	421717	30.6875
264014	547096	30.6875
264014	323599	30.6875
264014	340486	30.6875
264014	234804	30.6875
264014	77947	30.6875
359349	68648	31.0625
359349	68649	31.0625
359349	576628	31.015625
359349	68647	30.953125
359349	68653	30.953125
359349	576629	30.921875
359349	457673	30.71875
359349	15803	30.515625
359349	15804	30.5
359349	15802	30.46875
359349	576627	30.4375
359349	68650	30.40625
359349	576635	30.40625
359349	15808	30.390625
359349	15799	30.375
359349	15800	30.375
359349	15806	30.375
359349	576632	30.359375
359349	15805	30.34375
359349	68654	30.328125
359349	15801	30.3125
359349	15807	30.28125
359349	607024	30.25
359349	68656	30.25
359349	576630	30.234375
359349	607029	30.203125
359349	607026	30.1875
359349	661507	30.171875
359349	68655	30.171875
359349	709712	30.171875
359349	385890	30.171875
359349	286469	30.15625
359349	661500	30.15625
359349	352216	30.15625
359349	68651	30.15625
359349	46217	30.140625
359349	607028	30.140625
359349	614507	30.140625
359349	607033	30.140625
359349	614506	30.125
359349	607027	30.125
359349	661501	30.125
359349	28064	30.09375
359349	241518	30.09375
359349	181692	30.09375
359349	539455	30.078125
359349	709719	30.078125
359349	352212	30.0625
359349	576631	30.0625
359349	457676	30.0625
359349	238313	30.046875
359349	709717	30.046875
359349	661506	30.03125
359349	709716	30.03125
359349	160757	30.03125
359349	709713	30.03125
359349	607032	30.03125
359349	462523	30.015625
359349	352215	30.0
359349	241519	30.0
359349	576633	30.0
359349	352214	29.984375
359349	294057	29.984375
359349	612535	29.984375
359349	864018	29.984375
359349	352209	29.96875
359349	74917	29.96875
359349	352213	29.953125
359349	137012	29.953125
359349	576634	29.953125
359349	709715	29.953125
359349	612542	29.953125
359349	168405	29.9375
359349	490420	29.9375
359349	612539	29.9375
359349	817975	29.9375
359349	457677	29.921875
359349	342875	29.921875
359349	205476	29.921875
359349	479104	29.921875
359349	619453	29.90625
359349	612540	29.90625
359349	813230	29.90625
359349	12307	29.90625
359349	612538	29.90625
359349	137016	29.90625
359349	792264	29.90625
359349	517951	29.890625
359349	619448	29.890625
359349	393710	29.890625
359349	624341	29.890625
359349	624346	29.890625
359349	761976	29.890625
359349	859804	29.890625
359349	284943	29.875
359349	342878	29.875
359349	636936	29.875
359349	479000	29.875
359349	496933	29.875
359349	813229	29.875
405717	758586	30.828125
405717	758582	30.75
405717	702386	30.703125
405717	758581	30.6875
405717	758585	30.625
405717	702383	30.625
405717	234955	30.609375
405717	273851	30.546875
405717	28368	30.5
405717	846414	30.484375
405717	576346	30.46875
405717	505912	30.453125
405717	28372	30.421875
405717	28367	30.390625
405717	506336	30.234375
405717	28366	30.234375
405717	702384	30.15625
405717	765435	30.140625
405717	28365	30.140625
405717	758579	30.125
405717	702390	30.125
405717	89766	30.109375
405717	702391	30.109375
405717	773377	30.109375
405717	702388	30.09375
405717	28373	30.09375
405717	619037	30.09375
405717	676113	30.078125
405717	702389	30.078125
405717	758587	30.078125
405717	379790	30.0625
405717	742369	30.0625
405717	801440	30.0625
405717	314005	30.0625
405717	429229	30.046875
405717	695623	30.046875
405717	190554	30.046875
405717	714692	30.03125
405717	389349	30.03125
405717	37346	30.03125
405717	305214	30.03125
405717	845571	30.03125
405717	714688	30.03125
405717	222512	30.015625
405717	37342	30.015625
405717	705434	30.015625
405717	389351	30.0
405717	95082	30.0
405717	305219	30.0
405717	305222	30.0
405717	306501	30.0
405717	881570	30.0
405717	93457	30.0
405717	815820	30.0
405717	315936	30.0
405717	364976	30.0
405717	675257	29.984375
405717	758583	29.984375
405717	37339	29.984375
405717	824208	29.984375
405717	341262	29.984375
405717	741298	29.984375
405717	758588	29.96875
405717	702387	29.96875
405717	333740	29.96875
405717	660438	29.96875
405717	705439	29.96875
405717	189391	29.96875
405717	675034	29.96875
405717	377609	29.96875
405717	453608	29.96875
405717	274512	29.953125
405717	383339	29.953125
405717	403660	29.953125
405717	166161	29.953125
405717	363819	29.953125
405717	271882	29.953125
405717	616003	29.953125
405717	855767	29.953125
405717	363814	29.953125
405717	750710	29.953125
405717	26646	29.953125
405717	207273	29.953125
405717	470377	29.953125
405717	407258	29.9375
405717	638951	29.9375
405717	387002	29.9375
405717	68132	29.9375
405717	306294	29.9375
405717	230421	29.9375
405717	389344	29.9375
405717	638947	29.9375
405717	14056	29.9375
405717	186426	29.9375
405717	238259	29.9375
405717	266212	29.9375
405717	700436	29.9375
405717	403665	29.9375
405717	746233	29.9375
405717	693755	29.9375
443396	456710	31.03125
443396	456708	30.9375
443396	368001	30.90625
443396	519921	30.859375
443396	792967	30.859375
443396	265739	30.828125
443396	265744	30.828125
443396	456709	30.828125
443396	355280	30.8125
443396	604538	30.8125
443396	25225	30.8125
443396	685124	30.8125
443396	388377	30.8125
443396	843563	30.8125
443396	523175	30.796875
443396	630647	30.796875
443396	624518	30.796875
443396	685118	30.796875
443396	388380	30.796875
443396	729056	30.796875
443396	234460	30.78125
443396	265745	30.78125
443396	685123	30.78125
443396	820673	30.78125
443396	615831	30.78125
443396	685122	30.78125
443396	153028	30.78125
443396	198404	30.78125
443396	820676	30.78125
443396	227252	30.78125
443396	356234	30.765625
443396	546017	30.765625
443396	685119	30.765625
443396	355277	30.765625
443396	152105	30.765625
443396	153600	30.765625
443396	406423	30.765625
443396	456706	30.765625
443396	755968	30.75
443396	105006	30.75
443396	419394	30.75
443396	813788	30.75
443396	343957	30.75
443396	769303	30.75
443396	144709	30.75
443396	388379	30.75
443396	25226	30.75
443396	265737	30.75
443396	265738	30.75
443396	265740	30.75
443396	388381	30.75
443396	534705	30.75
443396	584654	30.75
443396	685121	30.75
443396	637435	30.734375
443396	437539	30.734375
443396	269574	30.734375
443396	498734	30.734375
443396	437536	30.734375
443396	437611	30.734375
443396	456712	30.734375
443396	25227	30.734375
443396	280117	30.734375
443396	357713	30.734375
443396	388378	30.734375
443396	685120	30.734375
443396	382726	30.71875
443396	768657	30.71875
443396	249882	30.71875
443396	280119	30.71875
443396	27488	30.71875
443396	749000	30.71875
443396	241407	30.71875
443396	871169	30.71875
443396	60879	30.71875
443396	241410	30.71875
443396	265742	30.71875
443396	388382	30.71875
443396	566968	30.71875
443396	630650	30.71875
443396	265736	30.71875
443396	56044	30.703125
443396	289510	30.703125
443396	652712	30.703125
443396	606528	30.703125
443396	637434	30.703125
443396	734151	30.703125
443396	785628	30.703125
443396	60880	30.703125
443396	519923	30.703125
443396	523589	30.703125
443396	179624	30.703125
443396	300084	30.703125
443396	309791	30.703125
443396	467612	30.703125
443396	847028	30.6875
443396	419399	30.6875
443396	553902	30.6875
443396	822719	30.6875
443396	156038	30.6875
451602	96229	31.0
451602	96222	30.984375
451602	103184	30.84375
451602	96223	30.8125
451602	654120	30.796875
451602	96228	30.796875
451602	875588	30.78125
451602	851269	30.765625
451602	370081	30.765625
451602	264881	30.75
451602	481288	30.75
451602	104049	30.75
451602	586720	30.75
451602	618467	30.734375
451602	127533	30.71875
451602	96224	30.71875
451602	705851	30.703125
451602	485891	30.6875
451602	838536	30.671875
451602	126682	30.671875
451602	201054	30.65625
451602	127534	30.65625
451602	23565	30.65625
451602	327923	30.65625
451602	774781	30.65625
451602	415243	30.640625
451602	549579	30.640625
451602	549581	30.640625
451602	174538	30.640625
451602	875582	30.625
451602	340748	30.625
451602	216662	30.625
451602	629112	30.625
451602	420971	30.625
451602	340746	30.625
451602	606057	30.625
451602	358241	30.609375
451602	527626	30.609375
451602	104618	30.609375
451602	224825	30.609375
451602	124065	30.609375
451602	478647	30.609375
451602	718240	30.609375
451602	96230	30.609375
451602	368008	30.609375
451602	705853	30.59375
451602	521666	30.59375
451602	618464	30.59375
451602	544538	30.59375
451602	860964	30.59375
451602	549572	30.59375
451602	826541	30.59375
451602	211446	30.59375
451602	396568	30.59375
451602	479076	30.59375
451602	104622	30.578125
451602	452179	30.578125
451602	317607	30.578125
451602	199825	30.578125
451602	318610	30.578125
451602	731575	30.578125
451602	787048	30.578125
451602	847213	30.578125
451602	127537	30.578125
451602	82197	30.578125
451602	133291	30.578125
451602	381498	30.578125
451602	405746	30.5625
451602	127536	30.5625
451602	876116	30.5625
451602	23571	30.5625
451602	318617	30.5625
451602	631382	30.5625
451602	273552	30.5625
451602	23566	30.5625
451602	388288	30.5625
451602	787053	30.5625
451602	827974	30.5625
451602	448067	30.546875
451602	838276	30.546875
451602	196693	30.546875
451602	369154	30.546875
451602	544530	30.546875
451602	146926	30.546875
451602	264875	30.546875
451602	264876	30.546875
451602	468014	30.546875
451602	440209	30.53125
451602	199822	30.53125
451602	265350	30.53125
451602	525893	30.53125
451602	278795	30.53125
451602	654124	30.53125
451602	860965	30.53125
451602	196692	30.53125
451602	396569	30.53125
451602	731574	30.53125
451602	56415	30.53125
451602	133290	30.53125
451602	419628	30.53125
489204	152954	31.1875
489204	385083	31.171875
489204	533017	31.171875
489204	855972	31.125
489204	855963	31.125
489204	139999	31.109375
489204	678245	31.109375
489204	113238	31.09375
489204	185678	31.09375
489204	136257	31.078125
489204	753265	31.078125
489204	216492	31.078125
489204	152948	31.078125
489204	855969	31.0625
489204	109653	31.0625
489204	872467	31.0625
489204	216490	31.0625
489204	185670	31.046875
489204	855967	31.046875
489204	185673	31.046875
489204	634781	31.046875
489204	430274	31.03125
489204	246326	31.03125
489204	416864	31.03125
489204	855968	31.015625
489204	417828	31.015625
489204	533011	31.015625
489204	152951	31.0
489204	35919	31.0
489204	114148	31.0
489204	751855	31.0
489204	66437	31.0
489204	855964	31.0
489204	173119	31.0
489204	185679	31.0
489204	535375	30.984375
489204	872470	30.984375
489204	855971	30.984375
489204	57429	30.984375
489204	417831	30.984375
489204	745425	30.96875
489204	46493	30.96875
489204	855965	30.96875
489204	753266	30.96875
489204	606204	30.953125
489204	496231	30.953125
489204	883663	30.953125
489204	453371	30.953125
489204	775526	30.953125
489204	74287	30.953125
489204	66440	30.9375
489204	314826	30.9375
489204	750066	30.9375
489204	725832	30.9375
489204	855970	30.9375
489204	353841	30.9375
489204	34397	30.9375
489204	46496	30.9375
489204	759509	30.9375
489204	314818	30.921875
489204	615105	30.921875
489204	634782	30.921875
489204	109652	30.921875
489204	87732	30.921875
489204	385086	30.921875
489204	668929	30.921875
489204	827174	30.921875
489204	750074	30.921875
489204	62408	30.90625
489204	320078	30.90625
489204	507080	30.90625
489204	185675	30.90625
489204	305721	30.90625
489204	556282	30.90625
489204	320077	30.90625
489204	753267	30.90625
489204	74285	30.90625
489204	825953	30.90625
489204	35918	30.890625
489204	433045	30.890625
489204	413480	30.890625
489204	750072	30.890625
489204	759506	30.890625
489204	817362	30.890625
489204	473859	30.890625
489204	207849	30.875
489204	678250	30.875
489204	883657	30.875
489204	515772	30.875
489204	113914	30.875
489204	852250	30.875
489204	87736	30.875
489204	74282	30.875
489204	634785	30.875
489204	150614	30.875
489204	634780	30.875
489204	773222	30.875
489204	91596	30.859375
489204	242543	30.859375
489204	678251	30.859375
490595	549465	31.265625
490595	805046	31.25
490595	805051	31.234375
490595	805052	31.171875
490595	549466	31.15625
490595	805048	31.140625
490595	805050	31.109375
490595	805047	31.078125
490595	526093	31.046875
490595	526092	30.96875
490595	777201	30.96875
490595	526091	30.953125
490595	829387	30.9375
490595	526088	30.890625
490595	805049	30.875
490595	738871	30.84375
490595	777192	30.84375
490595	600364	30.8125
490595	636004	30.8125
490595	636006	30.796875
490595	146434	30.796875
490595	375639	30.78125
490595	680468	30.78125
490595	163781	30.78125
490595	398871	30.75
490595	579713	30.75
490595	600363	30.734375
490595	462092	30.71875
490595	444334	30.71875
490595	13634	30.71875
490595	316576	30.71875
490595	600362	30.71875
490595	316582	30.71875
490595	152395	30.71875
490595	152398	30.71875
490595	579710	30.71875
490595	625226	30.71875
490595	594129	30.703125
490595	316580	30.703125
490595	600361	30.703125
490595	54403	30.703125
490595	532350	30.703125
490595	517340	30.703125
490595	70460	30.703125
490595	384209	30.703125
490595	579709	30.6875
490595	316574	30.6875
490595	540664	30.6875
490595	704527	30.6875
490595	579716	30.6875
490595	316581	30.6875
490595	341044	30.6875
490595	274260	30.6875
490595	54395	30.671875
490595	402009	30.671875
490595	402006	30.671875
490595	65168	30.671875
490595	865829	30.671875
490595	152392	30.671875
490595	217302	30.65625
490595	226119	30.65625
490595	316579	30.65625
490595	216433	30.65625
490595	294656	30.65625
490595	482157	30.65625
490595	347219	30.65625
490595	865828	30.65625
490595	680466	30.640625
490595	9642	30.640625
490595	457193	30.640625
490595	618465	30.640625
490595	680459	30.640625
490595	188654	30.640625
490595	638684	30.640625
490595	741852	30.640625
490595	428199	30.640625
490595	695149	30.625
490595	331752	30.625
490595	540663	30.625
490595	683654	30.625
490595	846121	30.625
490595	9266	30.625
490595	234584	30.625
490595	347218	30.625
490595	441714	30.625
490595	126869	30.625
490595	274427	30.625
490595	347220	30.625
490595	384210	30.625
490595	425967	30.625
490595	526094	30.625
490595	635997	30.625
490595	462010	30.625
490595	865831	30.625
490595	487018	30.609375
490595	630315	30.609375
490595	700254	30.609375
490595	813020	30.609375
490595	336602	30.609375
490595	698918	30.609375
527433	269428	30.921875
527433	547444	30.890625
527433	269430	30.859375
527433	126710	30.796875
527433	269423	30.78125
527433	291606	30.765625
527433	269422	30.75
527433	653101	30.75
527433	269425	30.734375
527433	467601	30.734375
527433	269426	30.71875
527433	373824	30.703125
527433	459058	30.6875
527433	452715	30.6875
527433	467606	30.6875
527433	519476	30.6875
527433	371178	30.6875
527433	286501	30.6875
527433	269429	30.671875
527433	269424	30.671875
527433	301241	30.671875
527433	653103	30.65625
527433	422236	30.65625
527433	452707	30.65625
527433	653102	30.65625
527433	452708	30.65625
527433	422229	30.640625
527433	301247	30.640625
527433	452710	30.640625
527433	452709	30.640625
527433	467604	30.640625
527433	269431	30.625
527433	542042	30.625
527433	542050	30.625
527433	260305	30.625
527433	635380	30.625
527433	124434	30.625
527433	452712	30.625
527433	269427	30.609375
527433	653104	30.609375
527433	422228	30.59375
527433	422232	30.59375
527433	291602	30.59375
527433	542048	30.59375
527433	729489	30.59375
527433	653097	30.59375
527433	286505	30.59375
527433	378795	30.578125
527433	422234	30.578125
527433	129387	30.578125
527433	319842	30.578125
527433	525982	30.578125
527433	124440	30.578125
527433	10179	30.5625
527433	195375	30.5625
527433	286674	30.5625
527433	291611	30.546875
527433	337537	30.546875
527433	382570	30.546875
527433	382573	30.546875
527433	91324	30.546875
527433	314453	30.546875
527433	382575	30.546875
527433	288675	30.546875
527433	319840	30.53125
527433	542044	30.53125
527433	542041	30.53125
527433	301240	30.53125
527433	314448	30.53125
527433	422231	30.53125
527433	470409	30.53125
527433	635384	30.53125
527433	434884	30.53125
527433	422233	30.515625
527433	91320	30.515625
527433	260313	30.515625
527433	319846	30.515625
527433	382576	30.515625
527433	382577	30.515625
527433	213961	30.515625
527433	314451	30.515625
527433	260307	30.515625
527433	378799	30.515625
527433	124436	30.515625
527433	301239	30.5
527433	314447	30.5
527433	314455	30.5
527433	260308	30.5
527433	291607	30.5
527433	301243	30.5
527433	314450	30.5
527433	91322	30.5
527433	514473	30.5
527433	607590	30.5
527433	285764	30.5
527433	682107	30.5
527433	91317	30.484375
527433	260312	30.484375
527433	278402	30.484375
527433	291608	30.484375
573724	394142	31.359375
573724	87405	31.34375
573724	162151	31.34375
573724	394136	31.328125
573724	394138	31.296875
573724	87409	31.28125
573724	394141	31.28125
573724	394139	31.265625
573724	87400	31.203125
573724	87404	31.203125
573724	305009	31.140625
573724	104856	31.109375
573724	87402	31.09375
573724	162145	31.09375
573724	41433	31.078125
573724	134276	31.046875
573724	305011	31.046875
573724	340830	31.015625
573724	84173	31.0
573724	112011	30.96875
573724	134274	30.96875
573724	387251	30.96875
573724	386625	30.96875
573724	495950	30.96875
573724	635299	30.953125
573724	386623	30.953125
573724	696714	30.953125
573724	708884	30.9375
573724	635297	30.9375
573724	227729	30.9375
573724	202538	30.921875
573724	501222	30.921875
573724	226249	30.921875
573724	855581	30.921875
573724	288229	30.90625
573724	41428	30.90625
573724	112003	30.890625
573724	202536	30.890625
573724	45248	30.890625
573724	226243	30.890625
573724	162153	30.890625
573724	651937	30.890625
573724	551911	30.875
573724	162152	30.875
573724	393618	30.875
573724	394135	30.875
573724	360650	30.859375
573724	41436	30.859375
573724	629571	30.84375
573724	194085	30.84375
573724	232497	30.84375
573724	340026	30.84375
573724	340028	30.84375
573724	227722	30.828125
573724	839796	30.828125
573724	562413	30.8125
573724	330405	30.8125
573724	696715	30.8125
573724	749764	30.8125
573724	112008	30.8125
573724	134272	30.8125
573724	121687	30.796875
573724	44151	30.796875
573724	749759	30.796875
573724	438311	30.796875
573724	739511	30.796875
573724	515989	30.796875
573724	657096	30.796875
573724	862604	30.796875
573724	287113	30.796875
573724	287261	30.796875
573724	409512	30.796875
573724	796748	30.78125
573724	20886	30.78125
573724	152601	30.78125
573724	471990	30.78125
573724	475693	30.78125
573724	2172	30.78125
573724	786800	30.78125
573724	84586	30.78125
573724	232496	30.78125
573724	864324	30.78125
573724	333435	30.78125
573724	488105	30.78125
573724	736009	30.78125
573724	287109	30.78125
573724	495953	30.78125
573724	773706	30.78125
573724	796751	30.78125
573724	3278	30.78125
573724	62250	30.765625
573724	129130	30.765625
573724	495955	30.765625
573724	256607	30.765625
573724	410039	30.765625
573724	47354	30.765625
573724	465412	30.765625
573724	614582	30.75
573724	142004	30.75
573724	288226	30.75
833860	767542	31.15625
833860	596153	31.0625
833860	594648	31.046875
833860	756916	31.046875
833860	756914	31.046875
833860	68820	31.03125
833860	473569	31.03125
833860	595089	31.03125
833860	771855	31.03125
833860	756921	31.03125
833860	223308	31.03125
833860	642581	31.015625
833860	112995	31.0
833860	861000	31.0
833860	595958	31.0
833860	771856	31.0
833860	247980	30.984375
833860	45135	30.984375
833860	284645	30.984375
833860	115142	30.984375
833860	43336	30.984375
833860	94338	30.96875
833860	595952	30.96875
833860	873372	30.96875
833860	662104	30.96875
833860	587887	30.953125
833860	595953	30.953125
833860	595955	30.953125
833860	545957	30.953125
833860	45138	30.953125
833860	45139	30.953125
833860	524581	30.953125
833860	76342	30.953125
833860	474455	30.953125
833860	756922	30.953125
833860	882869	30.953125
833860	756915	30.953125
833860	771863	30.953125
833860	833959	30.953125
833860	473560	30.9375
833860	159844	30.9375
833860	595951	30.9375
833860	594645	30.9375
833860	670946	30.9375
833860	820136	30.9375
833860	661663	30.9375
833860	662110	30.9375
833860	220722	30.9375
833860	641614	30.9375
833860	661665	30.921875
833860	112989	30.921875
833860	35973	30.921875
833860	45131	30.921875
833860	509268	30.921875
833860	578155	30.921875
833860	771861	30.921875
833860	504576	30.921875
833860	103123	30.921875
833860	233148	30.921875
833860	595949	30.921875
833860	564358	30.90625
833860	667153	30.90625
833860	736560	30.90625
833860	254421	30.90625
833860	590455	30.90625
833860	454516	30.90625
833860	595954	30.90625
833860	112990	30.90625
833860	524585	30.90625
833860	595956	30.90625
833860	595950	30.90625
833860	744653	30.90625
833860	524582	30.90625
833860	399591	30.90625
833860	76349	30.890625
833860	3098	30.890625
833860	206727	30.890625
833860	112907	30.890625
833860	473568	30.890625
833860	702860	30.890625
833860	744649	30.890625
833860	461527	30.890625
833860	524588	30.890625
833860	36127	30.890625
833860	220721	30.890625
833860	461801	30.875
833860	628678	30.875
833860	393652	30.875
833860	247135	30.875
833860	659407	30.875
833860	702865	30.875
833860	179501	30.875
833860	465226	30.875
833860	647318	30.875
833860	647320	30.875
833860	670243	30.875
833860	820058	30.859375
833860	860994	30.859375
833860	31834	30.859375
833860	666133	30.859375
855410	681984	30.640625
855410	681985	30.625
855410	32936	30.609375
855410	862691	30.609375
855410	369516	30.609375
855410	38292	30.609375
855410	862695	30.59375
855410	463329	30.578125
855410	317307	30.578125
855410	238336	30.578125
855410	417373	30.5625
855410	534597	30.5625
855410	400110	30.5625
855410	681993	30.5625
855410	417377	30.5625
855410	169807	30.5625
855410	332897	30.5625
855410	235313	30.546875
855410	107007	30.546875
855410	42764	30.546875
855410	369512	30.546875
855410	681990	30.546875
855410	862689	30.546875
855410	739756	30.546875
855410	702473	30.53125
855410	463335	30.53125
855410	463336	30.53125
855410	400109	30.53125
855410	489779	30.53125
855410	681987	30.53125
855410	718535	30.53125
855410	1356	30.53125
855410	338529	30.53125
855410	449907	30.53125
855410	648194	30.53125
855410	332637	30.53125
855410	613650	30.53125
855410	681986	30.53125
855410	692625	30.53125
855410	709019	30.53125
855410	66405	30.53125
855410	346562	30.53125
855410	389026	30.53125
855410	271880	30.515625
855410	682723	30.515625
855410	242247	30.515625
855410	575744	30.515625
855410	181974	30.515625
855410	560358	30.515625
855410	353877	30.515625
855410	594047	30.515625
855410	158394	30.5
855410	751378	30.5
855410	208973	30.5
855410	158399	30.5
855410	364243	30.5
855410	473626	30.5
855410	473627	30.5
855410	588305	30.5
855410	682787	30.5
855410	865233	30.5
855410	212607	30.5
855410	433065	30.5
855410	463332	30.5
855410	585997	30.5
855410	684395	30.5
855410	66409	30.5
855410	128937	30.5
855410	369517	30.5
855410	480781	30.5
855410	681992	30.5
855410	128396	30.484375
855410	506372	30.484375
855410	1359	30.484375
855410	428293	30.484375
855410	633362	30.484375
855410	862690	30.484375
855410	158392	30.484375
855410	107011	30.484375
855410	304743	30.484375
855410	376509	30.484375
855410	433066	30.484375
855410	571138	30.484375
855410	617450	30.484375
855410	648199	30.484375
855410	681988	30.484375
855410	534598	30.46875
855410	806187	30.46875
855410	107013	30.46875
855410	184474	30.46875
855410	560363	30.46875
855410	301128	30.46875
855410	428294	30.46875
855410	462140	30.46875
855410	614465	30.46875
855410	683660	30.46875
855410	6378	30.46875
855410	245719	30.46875
855410	454234	30.46875
855410	648198	30.46875
915593	82107	31.453125
915593	82113	31.3125
915593	82108	31.3125
915593	82110	31.21875
915593	82105	31.21875
915593	82106	31.21875
915593	82114	31.15625
915593	82109	31.109375
915593	82111	31.078125
915593	649106	31.046875
915593	275726	31.015625
915593	275728	31.015625
915593	275732	30.984375
915593	210379	30.96875
915593	275724	30.953125
915593	210384	30.953125
915593	698385	30.9375
915593	704072	30.9375
915593	234867	30.921875
915593	698386	30.921875
915593	413578	30.921875
915593	154063	30.90625
915593	283968	30.890625
915593	862905	30.859375
915593	2197	30.859375
915593	230286	30.84375
915593	341356	30.828125
915593	698391	30.828125
915593	330005	30.828125
915593	5686	30.828125
915593	833542	30.8125
915593	710808	30.796875
915593	880400	30.796875
915593	698384	30.796875
915593	30829	30.796875
915593	370077	30.796875
915593	494482	30.796875
915593	144725	30.796875
915593	237300	30.796875
915593	59084	30.78125
915593	138005	30.78125
915593	95338	30.78125
915593	479592	30.78125
915593	670486	30.78125
915593	522087	30.78125
915593	157070	30.78125
915593	668438	30.78125
915593	393984	30.765625
915593	829072	30.765625
915593	552984	30.765625
915593	778221	30.765625
915593	144734	30.765625
915593	32080	30.765625
915593	670481	30.765625
915593	8612	30.765625
915593	93638	30.765625
915593	488607	30.75
915593	626527	30.75
915593	283543	30.75
915593	646616	30.75
915593	670243	30.75
915593	681647	30.75
915593	855280	30.75
915593	70934	30.75
915593	155001	30.75
915593	346925	30.75
915593	398469	30.75
915593	726411	30.75
915593	127973	30.75
915593	164619	30.75
915593	263905	30.734375
915593	718819	30.734375
915593	805335	30.734375
915593	66746	30.734375
915593	102793	30.734375
915593	47419	30.734375
915593	389885	30.734375
915593	95343	30.734375
915593	566739	30.734375
915593	644896	30.734375
915593	719107	30.734375
915593	45450	30.734375
915593	164031	30.734375
915593	702966	30.71875
915593	445417	30.71875
915593	125550	30.71875
915593	659553	30.71875
915593	255689	30.71875
915593	278818	30.71875
915593	440108	30.71875
915593	659554	30.71875
915593	660973	30.71875
915593	11416	30.71875
915593	323179	30.71875
915593	728693	30.71875
915593	85615	30.71875
915593	113386	30.71875
915593	148505	30.71875
915593	263900	30.71875
915593	353424	30.71875
962179	536176	30.890625
962179	534563	30.703125
962179	65091	30.53125
962179	579975	30.53125
962179	883239	30.5
962179	529450	30.484375
962179	65092	30.484375
962179	65093	30.46875
962179	137246	30.453125
962179	550928	30.453125
962179	6159	30.453125
962179	305935	30.4375
962179	372500	30.4375
962179	40573	30.4375
962179	788405	30.4375
962179	423864	30.4375
962179	5558	30.421875
962179	372499	30.421875
962179	785166	30.421875
962179	318055	30.421875
962179	421575	30.40625
962179	5340	30.40625
962179	96323	30.40625
962179	328956	30.40625
962179	348553	30.390625
962179	232380	30.390625
962179	74741	30.390625
962179	883241	30.390625
962179	369020	30.390625
962179	160504	30.375
962179	305937	30.375
962179	305930	30.375
962179	277231	30.375
962179	38164	30.375
962179	156885	30.375
962179	484599	30.375
962179	610053	30.375
962179	689971	30.375
962179	108511	30.375
962179	348556	30.359375
962179	37920	30.359375
962179	495270	30.359375
962179	185025	30.359375
962179	283768	30.359375
962179	550925	30.359375
962179	366170	30.359375
962179	286152	30.359375
962179	298737	30.359375
962179	321370	30.359375
962179	430980	30.359375
962179	441130	30.359375
962179	550930	30.359375
962179	15372	30.359375
962179	56006	30.359375
962179	16225	30.359375
962179	328949	30.359375
962179	857735	30.359375
962179	328957	30.359375
962179	95480	30.34375
962179	185847	30.34375
962179	16220	30.34375
962179	44564	30.34375
962179	526462	30.34375
962179	800403	30.34375
962179	62549	30.34375
962179	64966	30.34375
962179	441133	30.34375
962179	45355	30.34375
962179	277974	30.34375
962179	484591	30.34375
962179	883244	30.34375
962179	361341	30.34375
962179	713165	30.328125
962179	56005	30.328125
962179	93528	30.328125
962179	679222	30.328125
962179	852018	30.328125
962179	69966	30.328125
962179	419442	30.328125
962179	372501	30.328125
962179	675917	30.328125
962179	758398	30.328125
962179	794194	30.328125
962179	834039	30.328125
962179	318051	30.3125
962179	703651	30.3125
962179	256293	30.3125
962179	258306	30.3125
962179	38166	30.3125
962179	616998	30.3125
962179	308903	30.3125
962179	341653	30.3125
962179	392614	30.3125
962179	480467	30.3125
962179	634420	30.3125
962179	878536	30.3125
962179	37915	30.3125
962179	106364	30.3125
962179	328950	30.3125
962179	803502	30.3125
1037798	158363	30.90625
1037798	811777	30.8125
1037798	811779	30.78125
1037798	479275	30.734375
1037798	741658	30.71875
1037798	720665	30.703125
1037798	741656	30.703125
1037798	46336	30.703125
1037798	671982	30.6875
1037798	74261	30.6875
1037798	465929	30.6875
1037798	506140	30.6875
1037798	770854	30.671875
1037798	470285	30.671875
1037798	795689	30.671875
1037798	101273	30.671875
1037798	101280	30.671875
1037798	485976	30.65625
1037798	54859	30.65625
1037798	3869	30.65625
1037798	204868	30.65625
1037798	501744	30.65625
1037798	720992	30.65625
1037798	470286	30.65625
1037798	5883	30.65625
1037798	38045	30.65625
1037798	402770	30.65625
1037798	104285	30.640625
1037798	806094	30.640625
1037798	852575	30.640625
1037798	160292	30.640625
1037798	456041	30.640625
1037798	158370	30.640625
1037798	94171	30.640625
1037798	48886	30.625
1037798	834430	30.625
1037798	723095	30.625
1037798	322	30.625
1037798	160291	30.625
1037798	741657	30.625
1037798	65819	30.609375
1037798	497628	30.609375
1037798	325240	30.609375
1037798	456785	30.609375
1037798	470280	30.609375
1037798	801960	30.609375
1037798	866994	30.609375
1037798	456042	30.609375
1037798	556443	30.609375
1037798	806743	30.609375
1037798	880481	30.609375
1037798	811309	30.609375
1037798	250335	30.59375
1037798	384750	30.59375
1037798	263239	30.59375
1037798	160285	30.59375
1037798	641964	30.59375
1037798	13689	30.59375
1037798	456043	30.59375
1037798	698636	30.59375
1037798	805723	30.59375
1037798	287324	30.59375
1037798	306208	30.59375
1037798	790834	30.59375
1037798	52632	30.578125
1037798	479279	30.578125
1037798	20551	30.578125
1037798	747712	30.578125
1037798	811305	30.578125
1037798	75056	30.578125
1037798	48894	30.5625
1037798	12707	30.5625
1037798	104282	30.5625
1037798	470284	30.5625
1037798	75050	30.5625
1037798	423415	30.5625
1037798	456039	30.5625
1037798	609927	30.5625
1037798	881859	30.5625
1037798	456040	30.5625
1037798	880487	30.5625
1037798	236181	30.5625
1037798	793447	30.5625
1037798	25305	30.5625
1037798	143028	30.5625
1037798	263240	30.5625
1037798	690488	30.5625
1037798	881854	30.5625
1037798	13686	30.5625
1037798	881857	30.546875
1037798	2398	30.546875
1037798	24634	30.546875
1037798	62786	30.546875
1037798	77478	30.546875
1037798	301198	30.546875
1037798	484868	30.546875
1037798	63433	30.546875
1037798	88633	30.546875
1037798	139578	30.546875
1037798	212112	30.546875
1063750	819283	30.375
1063750	819284	30.34375
1063750	330165	30.234375
1063750	330159	30.21875
1063750	3056	30.140625
1063750	759817	30.0625
1063750	309313	30.0625
1063750	12266	30.046875
1063750	60715	30.03125
1063750	118643	30.03125
1063750	83222	30.03125
1063750	340266	30.03125
1063750	706931	30.0
1063750	819285	30.0
1063750	684828	30.0
1063750	224345	29.984375
1063750	238180	29.984375
1063750	45595	29.984375
1063750	45592	29.96875
1063750	283770	29.96875
1063750	689732	29.953125
1063750	819291	29.953125
1063750	110681	29.953125
1063750	759813	29.9375
1063750	63412	29.9375
1063750	751552	29.9375
1063750	25201	29.921875
1063750	43539	29.921875
1063750	818753	29.921875
1063750	825745	29.921875
1063750	45596	29.921875
1063750	143600	29.90625
1063750	21578	29.90625
1063750	510405	29.90625
1063750	277790	29.890625
1063750	277792	29.890625
1063750	406876	29.890625
1063750	576546	29.890625
1063750	775089	29.875
1063750	274876	29.875
1063750	2516	29.875
1063750	110677	29.875
1063750	443843	29.875
1063750	309312	29.875
1063750	712406	29.875
1063750	92957	29.859375
1063750	244856	29.859375
1063750	801895	29.859375
1063750	475365	29.859375
1063750	579985	29.859375
1063750	775060	29.859375
1063750	641165	29.859375
1063750	578299	29.84375
1063750	712408	29.84375
1063750	825746	29.84375
1063750	818094	29.84375
1063750	818738	29.84375
1063750	280255	29.84375
1063750	443835	29.84375
1063750	21569	29.84375
1063750	70295	29.828125
1063750	575056	29.828125
1063750	753657	29.828125
1063750	45598	29.828125
1063750	38161	29.828125
1063750	307672	29.828125
1063750	340263	29.828125
1063750	434893	29.828125
1063750	791600	29.828125
1063750	65230	29.828125
1063750	143660	29.828125
1063750	39798	29.8125
1063750	621542	29.8125
1063750	602531	29.8125
1063750	621539	29.8125
1063750	135975	29.8125
1063750	487388	29.8125
1063750	543421	29.8125
1063750	106875	29.8125
1063750	392909	29.8125
1063750	801891	29.8125
1063750	7	29.8125
1063750	15775	29.8125
1063750	231461	29.8125
1063750	251605	29.8125
1063750	514938	29.8125
1063750	725830	29.8125
1063750	43535	29.8125
1063750	339848	29.8125
1063750	183418	29.8125
1063750	760414	29.8125
1063750	70289	29.8125
1063750	80954	29.8125
1063750	167299	29.8125
1063750	238175	29.8125
1063750	274879	29.8125
1063750	788483	29.796875
1063750	77873	29.796875
1063750	465999	29.796875
1063750	801898	29.796875
1103812	6621	30.71875
1103812	737450	30.703125
1103812	621213	30.6875
1103812	427270	30.6875
1103812	250692	30.671875
1103812	879303	30.671875
1103812	751371	30.671875
1103812	390889	30.65625
1103812	239596	30.65625
1103812	38158	30.640625
1103812	516897	30.640625
1103812	865879	30.640625
1103812	567946	30.640625
1103812	452672	30.625
1103812	645467	30.625
1103812	292717	30.609375
1103812	724109	30.609375
1103812	848359	30.609375
1103812	567948	30.609375
1103812	215547	30.609375
1103812	304200	30.59375
1103812	737454	30.59375
1103812	42747	30.59375
1103812	36163	30.59375
1103812	652665	30.59375
1103812	868008	30.59375
1103812	9408	30.59375
1103812	864598	30.578125
1103812	737457	30.578125
1103812	26460	30.578125
1103812	475286	30.578125
1103812	25819	30.578125
1103812	173140	30.5625
1103812	567943	30.5625
1103812	652658	30.5625
1103812	375217	30.5625
1103812	153734	30.5625
1103812	568676	30.5625
1103812	820709	30.5625
1103812	487106	30.5625
1103812	621219	30.5625
1103812	541915	30.5625
1103812	456158	30.546875
1103812	711245	30.546875
1103812	25404	30.546875
1103812	239598	30.546875
1103812	568680	30.546875
1103812	456157	30.546875
1103812	38157	30.53125
1103812	586615	30.53125
1103812	374848	30.53125
1103812	374849	30.53125
1103812	736423	30.53125
1103812	232095	30.53125
1103812	462062	30.53125
1103812	337673	30.53125
1103812	32307	30.515625
1103812	710763	30.515625
1103812	621218	30.515625
1103812	848357	30.515625
1103812	157341	30.515625
1103812	157345	30.515625
1103812	213544	30.515625
1103812	476183	30.515625
1103812	570688	30.515625
1103812	711271	30.515625
1103812	190061	30.515625
1103812	564753	30.515625
1103812	736430	30.5
1103812	157350	30.5
1103812	292716	30.5
1103812	424669	30.5
1103812	835411	30.5
1103812	75817	30.5
1103812	736427	30.5
1103812	53720	30.5
1103812	645466	30.5
1103812	36159	30.5
1103812	860990	30.5
1103812	157343	30.5
1103812	157344	30.5
1103812	292715	30.5
1103812	38159	30.484375
1103812	208549	30.484375
1103812	231647	30.484375
1103812	374855	30.484375
1103812	16172	30.484375
1103812	549417	30.484375
1103812	375224	30.484375
1103812	403489	30.484375
1103812	87692	30.484375
1103812	239597	30.484375
1103812	6615	30.484375
1103812	23745	30.484375
1103812	157342	30.484375
1103812	652661	30.484375
1103812	736425	30.484375
1103812	736428	30.484375
1103812	239599	30.46875
1103812	556212	30.46875
1106007	746358	31.171875
1106007	285891	31.0625
1106007	420111	31.0625
1106007	856754	31.0
1106007	48401	31.0
1106007	294053	31.0
1106007	856751	30.984375
1106007	430420	30.984375
1106007	551007	30.984375
1106007	581485	30.96875
1106007	600704	30.96875
1106007	243660	30.96875
1106007	832999	30.96875
1106007	521596	30.9375
1106007	856752	30.9375
1106007	164609	30.9375
1106007	856746	30.9375
1106007	644314	30.9375
1106007	148720	30.9375
1106007	581484	30.921875
1106007	37841	30.921875
1106007	685472	30.921875
1106007	573795	30.921875
1106007	575034	30.921875
1106007	548431	30.90625
1106007	610303	30.90625
1106007	35863	30.90625
1106007	360504	30.90625
1106007	765654	30.90625
1106007	184645	30.90625
1106007	701605	30.90625
1106007	360505	30.90625
1106007	461241	30.90625
1106007	492953	30.90625
1106007	573864	30.90625
1106007	256110	30.90625
1106007	120271	30.890625
1106007	35858	30.890625
1106007	35864	30.890625
1106007	496514	30.890625
1106007	548437	30.890625
1106007	371176	30.890625
1106007	466458	30.890625
1106007	521594	30.890625
1106007	600698	30.890625
1106007	521590	30.875
1106007	551002	30.875
1106007	344461	30.875
1106007	550999	30.875
1106007	765655	30.875
1106007	372090	30.875
1106007	636924	30.875
1106007	464335	30.875
1106007	657782	30.875
1106007	487804	30.875
1106007	548432	30.875
1106007	782722	30.875
1106007	35862	30.875
1106007	125360	30.859375
1106007	13561	30.859375
1106007	360507	30.859375
1106007	399772	30.859375
1106007	492949	30.859375
1106007	151797	30.859375
1106007	257450	30.859375
1106007	664780	30.859375
1106007	162567	30.859375
1106007	162566	30.859375
1106007	13566	30.84375
1106007	249597	30.84375
1106007	610299	30.84375
1106007	13563	30.84375
1106007	521593	30.84375
1106007	13565	30.84375
1106007	515447	30.84375
1106007	548439	30.84375
1106007	106241	30.84375
1106007	389439	30.84375
1106007	832997	30.84375
1106007	492951	30.828125
1106007	610297	30.828125
1106007	125362	30.828125
1106007	453710	30.828125
1106007	765661	30.828125
1106007	360501	30.828125
1106007	360502	30.828125
1106007	790479	30.828125
1106007	817230	30.828125
1106007	420109	30.828125
1106007	436638	30.828125
1106007	461236	30.828125
1106007	548611	30.828125
1106007	592693	30.828125
1106007	303421	30.828125
1106007	360503	30.828125
1106007	492952	30.8125
1106007	512221	30.8125
1106007	135789	30.8125
1106007	414453	30.8125
1106007	653623	30.8125
1110199	239444	31.046875
1110199	712232	30.984375
1110199	618109	30.96875
1110199	328010	30.96875
1110199	313193	30.953125
1110199	712235	30.9375
1110199	5479	30.9375
1110199	239443	30.921875
1110199	618114	30.921875
1110199	433926	30.90625
1110199	167604	30.890625
1110199	627298	30.859375
1110199	421	30.859375
1110199	557956	30.84375
1110199	627292	30.828125
1110199	847931	30.8125
1110199	830201	30.796875
1110199	451157	30.796875
1110199	167603	30.796875
1110199	847930	30.78125
1110199	68578	30.78125
1110199	830203	30.78125
1110199	100114	30.765625
1110199	557605	30.765625
1110199	167605	30.765625
1110199	712236	30.765625
1110199	863990	30.765625
1110199	362174	30.75
1110199	789712	30.75
1110199	291162	30.75
1110199	863987	30.75
1110199	167599	30.75
1110199	552377	30.734375
1110199	100110	30.734375
1110199	863984	30.734375
1110199	167602	30.734375
1110199	712230	30.734375
1110199	433921	30.734375
1110199	879021	30.71875
1110199	167608	30.71875
1110199	745895	30.71875
1110199	100116	30.71875
1110199	735467	30.71875
1110199	451156	30.71875
1110199	735472	30.703125
1110199	847928	30.703125
1110199	362176	30.703125
1110199	836525	30.703125
1110199	433927	30.703125
1110199	167601	30.703125
1110199	258296	30.703125
1110199	398442	30.703125
1110199	5480	30.703125
1110199	712233	30.703125
1110199	100113	30.6875
1110199	836526	30.6875
1110199	447753	30.6875
1110199	627294	30.6875
1110199	176996	30.6875
1110199	168024	30.6875
1110199	712229	30.6875
1110199	155310	30.671875
1110199	554521	30.671875
1110199	167606	30.671875
1110199	611923	30.671875
1110199	836529	30.671875
1110199	100112	30.671875
1110199	554520	30.671875
1110199	699973	30.671875
1110199	425993	30.671875
1110199	451150	30.671875
1110199	155311	30.65625
1110199	836528	30.65625
1110199	557958	30.65625
1110199	836527	30.65625
1110199	699974	30.65625
1110199	68585	30.65625
1110199	258298	30.65625
1110199	289491	30.65625
1110199	315001	30.65625
1110199	561450	30.65625
1110199	833326	30.65625
1110199	618115	30.65625
1110199	118782	30.65625
1110199	426	30.640625
1110199	637099	30.640625
1110199	557955	30.640625
1110199	558317	30.640625
1110199	699976	30.640625
1110199	847927	30.640625
1110199	833335	30.640625
1110199	610745	30.640625
1110199	618451	30.625
1110199	447750	30.625
1110199	847932	30.625
1110199	447754	30.625
1110199	707326	30.625
1110199	176994	30.625
1110199	308054	30.625
1110199	879019	30.609375
1112341	875123	30.828125
1112341	524251	30.828125
1112341	478773	30.796875
1112341	508019	30.796875
1112341	469823	30.765625
1112341	508020	30.75
1112341	726216	30.75
1112341	67027	30.734375
1112341	478771	30.734375
1112341	420472	30.71875
1112341	524252	30.703125
1112341	478768	30.703125
1112341	545689	30.703125
1112341	138816	30.671875
1112341	605147	30.671875
1112341	780253	30.671875
1112341	67022	30.671875
1112341	524247	30.671875
1112341	524254	30.671875
1112341	156594	30.671875
1112341	138814	30.65625
1112341	478767	30.65625
1112341	478772	30.65625
1112341	830214	30.65625
1112341	67030	30.65625
1112341	524253	30.640625
1112341	510545	30.640625
1112341	67028	30.640625
1112341	478766	30.640625
1112341	666221	30.640625
1112341	230247	30.640625
1112341	835447	30.640625
1112341	487973	30.640625
1112341	345582	30.625
1112341	469824	30.625
1112341	138817	30.625
1112341	138819	30.625
1112341	345581	30.625
1112341	666230	30.625
1112341	781067	30.625
1112341	151176	30.609375
1112341	524250	30.609375
1112341	524255	30.609375
1112341	853403	30.609375
1112341	420470	30.609375
1112341	803776	30.609375
1112341	71411	30.59375
1112341	830215	30.59375
1112341	275054	30.59375
1112341	330915	30.59375
1112341	562411	30.59375
1112341	743523	30.59375
1112341	90432	30.59375
1112341	90433	30.59375
1112341	94296	30.59375
1112341	345586	30.578125
1112341	515726	30.578125
1112341	274907	30.578125
1112341	666228	30.578125
1112341	544081	30.578125
1112341	853398	30.578125
1112341	853399	30.578125
1112341	853404	30.578125
1112341	858067	30.578125
1112341	853400	30.578125
1112341	544087	30.578125
1112341	508023	30.578125
1112341	629787	30.578125
1112341	138820	30.5625
1112341	524248	30.5625
1112341	769797	30.5625
1112341	883225	30.5625
1112341	883227	30.5625
1112341	830219	30.5625
1112341	31606	30.5625
1112341	407317	30.5625
1112341	76152	30.5625
1112341	625011	30.5625
1112341	874004	30.5625
1112341	723502	30.546875
1112341	750012	30.546875
1112341	830218	30.546875
1112341	403903	30.546875
1112341	510543	30.546875
1112341	840514	30.546875
1112341	769429	30.546875
1112341	803781	30.546875
1112341	273271	30.546875
1112341	726215	30.546875
1112341	31842	30.546875
1112341	508024	30.546875
1112341	578671	30.546875
1112341	367273	30.546875
1112341	469815	30.53125
1112341	345585	30.53125
1112341	830211	30.53125
1112341	605144	30.53125
1112341	830217	30.53125
1112341	478769	30.53125
1112341	263958	30.53125
1113437	631949	31.203125
1113437	742044	31.140625
1113437	520325	31.109375
1113437	742037	31.109375
1113437	594251	31.078125
1113437	631944	31.03125
1113437	807277	31.03125
1113437	807279	31.03125
1113437	555333	31.03125
1113437	555340	31.015625
1113437	631943	31.015625
1113437	742045	31.015625
1113437	351827	31.0
1113437	457996	31.0
1113437	631945	31.0
1113437	347573	30.984375
1113437	742040	30.984375
1113437	555338	30.984375
1113437	631946	30.984375
1113437	742039	30.984375
1113437	226867	30.96875
1113437	742036	30.96875
1113437	213012	30.96875
1113437	688199	30.96875
1113437	777899	30.96875
1113437	200773	30.953125
1113437	743593	30.953125
1113437	807271	30.953125
1113437	742042	30.953125
1113437	313541	30.953125
1113437	200781	30.9375
1113437	634878	30.9375
1113437	843693	30.9375
1113437	156328	30.9375
1113437	691280	30.9375
1113437	807276	30.9375
1113437	165990	30.9375
1113437	147653	30.921875
1113437	156334	30.921875
1113437	807278	30.921875
1113437	156330	30.921875
1113437	242811	30.921875
1113437	81800	30.921875
1113437	146936	30.90625
1113437	458000	30.90625
1113437	213005	30.90625
1113437	457999	30.90625
1113437	555335	30.90625
1113437	213004	30.90625
1113437	335208	30.90625
1113437	371712	30.90625
1113437	457995	30.90625
1113437	459398	30.90625
1113437	156331	30.90625
1113437	219223	30.90625
1113437	74015	30.890625
1113437	742041	30.890625
1113437	237135	30.890625
1113437	421734	30.890625
1113437	555332	30.890625
1113437	459403	30.890625
1113437	555331	30.890625
1113437	4438	30.890625
1113437	555339	30.875
1113437	391784	30.875
1113437	97688	30.875
1113437	156333	30.875
1113437	313538	30.875
1113437	313542	30.875
1113437	459397	30.875
1113437	459405	30.875
1113437	213008	30.875
1113437	24684	30.875
1113437	213009	30.859375
1113437	483955	30.859375
1113437	742038	30.859375
1113437	219218	30.859375
1113437	660606	30.859375
1113437	555334	30.859375
1113437	691285	30.859375
1113437	147648	30.859375
1113437	487743	30.859375
1113437	742043	30.859375
1113437	213006	30.859375
1113437	403456	30.859375
1113437	657400	30.859375
1113437	770748	30.859375
1113437	63806	30.859375
1113437	242814	30.859375
1113437	351825	30.859375
1113437	433012	30.859375
1113437	649491	30.859375
1113437	691288	30.84375
1113437	457997	30.84375
1113437	313537	30.84375
1113437	520327	30.84375
1113437	147652	30.828125
1113437	213011	30.828125
1113437	45377	30.828125
1113437	241333	30.828125
1114646	266552	31.171875
1114646	444375	31.09375
1114646	444382	30.96875
1114646	771368	30.9375
1114646	392985	30.90625
1114646	687064	30.875
1114646	579554	30.859375
1114646	444380	30.828125
1114646	629152	30.828125
1114646	444377	30.796875
1114646	546011	30.796875
1114646	427373	30.78125
1114646	857788	30.765625
1114646	831444	30.765625
1114646	857789	30.75
1114646	444374	30.75
1114646	527199	30.75
1114646	207000	30.75
1114646	288448	30.734375
1114646	354605	30.734375
1114646	231686	30.71875
1114646	83451	30.71875
1114646	54346	30.703125
1114646	266555	30.703125
1114646	332871	30.703125
1114646	616608	30.703125
1114646	761947	30.6875
1114646	364842	30.6875
1114646	332875	30.6875
1114646	244409	30.6875
1114646	616612	30.6875
1114646	435020	30.671875
1114646	482778	30.671875
1114646	206534	30.671875
1114646	227083	30.671875
1114646	362985	30.671875
1114646	687065	30.671875
1114646	713809	30.671875
1114646	36298	30.671875
1114646	482782	30.65625
1114646	272210	30.65625
1114646	842907	30.65625
1114646	77204	30.65625
1114646	266554	30.65625
1114646	516642	30.65625
1114646	687522	30.65625
1114646	708351	30.65625
1114646	792101	30.65625
1114646	358031	30.65625
1114646	236192	30.65625
1114646	362980	30.65625
1114646	77600	30.640625
1114646	163027	30.640625
1114646	687066	30.640625
1114646	579552	30.640625
1114646	272499	30.640625
1114646	288953	30.640625
1114646	396684	30.640625
1114646	876059	30.640625
1114646	757479	30.640625
1114646	692519	30.625
1114646	372240	30.625
1114646	231691	30.625
1114646	360557	30.625
1114646	387976	30.625
1114646	546006	30.625
1114646	684395	30.625
1114646	152615	30.625
1114646	110814	30.625
1114646	600412	30.625
1114646	810154	30.625
1114646	7350	30.625
1114646	422543	30.625
1114646	356988	30.625
1114646	827031	30.625
1114646	231689	30.609375
1114646	264207	30.609375
1114646	231692	30.609375
1114646	526801	30.609375
1114646	750825	30.609375
1114646	807785	30.609375
1114646	288956	30.609375
1114646	425105	30.609375
1114646	842913	30.609375
1114646	88052	30.609375
1114646	108204	30.609375
1114646	152619	30.609375
1114646	223090	30.609375
1114646	545208	30.609375
1114646	567898	30.609375
1114646	579545	30.609375
1114646	598235	30.609375
1114646	598239	30.609375
1114646	750827	30.609375
1114646	170190	30.59375
1114646	244448	30.59375
1114646	687062	30.59375
1114646	677106	30.59375
1114646	158573	30.59375
1114646	227082	30.59375
1114819	785027	31.1875
1114819	694737	31.109375
1114819	344351	31.109375
1114819	344350	31.09375
1114819	534362	31.0
1114819	255279	30.96875
1114819	750446	30.96875
1114819	771719	30.9375
1114819	344357	30.890625
1114819	785028	30.890625
1114819	30577	30.890625
1114819	568420	30.890625
1114819	255282	30.875
1114819	75700	30.875
1114819	614337	30.875
1114819	605467	30.859375
1114819	201658	30.84375
1114819	694735	30.84375
1114819	327923	30.828125
1114819	30582	30.828125
1114819	710524	30.8125
1114819	783080	30.8125
1114819	236347	30.8125
1114819	274731	30.8125
1114819	862865	30.8125
1114819	762192	30.8125
1114819	264537	30.796875
1114819	255283	30.796875
1114819	812436	30.796875
1114819	710523	30.796875
1114819	6744	30.796875
1114819	768360	30.78125
1114819	453325	30.78125
1114819	399164	30.78125
1114819	758786	30.78125
1114819	862869	30.78125
1114819	344355	30.765625
1114819	393994	30.765625
1114819	306607	30.765625
1114819	691111	30.765625
1114819	126884	30.765625
1114819	344354	30.75
1114819	538319	30.75
1114819	461344	30.75
1114819	321030	30.734375
1114819	59259	30.734375
1114819	752644	30.734375
1114819	171217	30.734375
1114819	308802	30.71875
1114819	327926	30.71875
1114819	255280	30.71875
1114819	171208	30.71875
1114819	572417	30.71875
1114819	858812	30.703125
1114819	694734	30.703125
1114819	123657	30.703125
1114819	104626	30.6875
1114819	126883	30.6875
1114819	151282	30.6875
1114819	317362	30.6875
1114819	274729	30.671875
1114819	771714	30.671875
1114819	880089	30.671875
1114819	278876	30.671875
1114819	406903	30.671875
1114819	647535	30.671875
1114819	123660	30.671875
1114819	317361	30.671875
1114819	576249	30.65625
1114819	764378	30.65625
1114819	526707	30.65625
1114819	526706	30.65625
1114819	252787	30.640625
1114819	306606	30.640625
1114819	278874	30.640625
1114819	152825	30.640625
1114819	422996	30.640625
1114819	705155	30.640625
1114819	705146	30.640625
1114819	311271	30.640625
1114819	735142	30.640625
1114819	317612	30.640625
1114819	572414	30.640625
1114819	302458	30.625
1114819	191069	30.625
1114819	644907	30.625
1114819	880088	30.625
1114819	723762	30.625
1114819	311272	30.625
1114819	190272	30.625
1114819	402500	30.609375
1114819	171211	30.609375
1114819	35676	30.609375
1114819	224827	30.609375
1114819	171213	30.609375
1114819	311270	30.609375
1114819	480860	30.609375
1114819	469301	30.59375
1114819	773761	30.59375
1114819	334787	30.59375
1115776	407823	30.46875
1115776	838949	30.46875
1115776	838942	30.453125
1115776	838944	30.453125
1115776	838943	30.421875
1115776	407815	30.40625
1115776	619650	30.40625
1115776	619654	30.40625
1115776	619655	30.390625
1115776	480796	30.375
1115776	490536	30.359375
1115776	619649	30.34375
1115776	612829	30.34375
1115776	838941	30.34375
1115776	619646	30.328125
1115776	362664	30.328125
1115776	619652	30.3125
1115776	257268	30.3125
1115776	407816	30.296875
1115776	619653	30.296875
1115776	480800	30.296875
1115776	490527	30.28125
1115776	412142	30.265625
1115776	612830	30.265625
1115776	843572	30.265625
1115776	266658	30.265625
1115776	577820	30.25
1115776	155730	30.25
1115776	619651	30.25
1115776	747537	30.25
1115776	499309	30.25
1115776	580734	30.234375
1115776	465438	30.234375
1115776	180925	30.234375
1115776	492332	30.234375
1115776	388122	30.234375
1115776	452101	30.21875
1115776	455486	30.21875
1115776	270545	30.21875
1115776	502603	30.21875
1115776	584090	30.21875
1115776	704423	30.21875
1115776	143336	30.203125
1115776	319970	30.203125
1115776	838947	30.203125
1115776	499308	30.203125
1115776	555866	30.203125
1115776	266656	30.203125
1115776	704424	30.203125
1115776	704428	30.203125
1115776	177675	30.1875
1115776	275846	30.1875
1115776	349987	30.1875
1115776	573519	30.1875
1115776	783906	30.1875
1115776	362057	30.1875
1115776	704430	30.1875
1115776	397362	30.1875
1115776	534172	30.1875
1115776	285739	30.1875
1115776	642039	30.1875
1115776	189173	30.171875
1115776	480793	30.171875
1115776	325824	30.171875
1115776	489109	30.171875
1115776	840313	30.171875
1115776	140153	30.171875
1115776	403130	30.15625
1115776	612832	30.15625
1115776	215969	30.15625
1115776	412144	30.15625
1115776	499302	30.15625
1115776	235241	30.15625
1115776	316438	30.15625
1115776	349984	30.15625
1115776	397356	30.15625
1115776	584089	30.15625
1115776	705136	30.15625
1115776	274716	30.140625
1115776	452105	30.140625
1115776	483028	30.140625
1115776	41430	30.140625
1115776	373765	30.140625
1115776	730158	30.140625
1115776	266655	30.140625
1115776	329052	30.140625
1115776	660826	30.140625
1115776	834802	30.140625
1115776	495621	30.140625
1115776	350658	30.125
1115776	566556	30.125
1115776	1208	30.125
1115776	480791	30.125
1115776	311302	30.125
1115776	600961	30.125
1115776	619047	30.125
1115776	645282	30.125
1115776	137768	30.125
1115776	270547	30.125
1115776	571494	30.125
1117099	714808	31.046875
1117099	334615	31.03125
1117099	576491	30.96875
1117099	59312	30.875
1117099	651744	30.859375
1117099	700498	30.859375
1117099	514314	30.84375
1117099	700497	30.84375
1117099	700495	30.84375
1117099	700500	30.84375
1117099	633888	30.828125
1117099	47813	30.828125
1117099	514309	30.828125
1117099	589140	30.8125
1117099	52519	30.8125
1117099	514312	30.8125
1117099	871278	30.796875
1117099	377856	30.796875
1117099	190570	30.796875
1117099	47816	30.796875
1117099	225488	30.796875
1117099	19538	30.796875
1117099	225490	30.796875
1117099	297115	30.796875
1117099	297118	30.796875
1117099	878220	30.796875
1117099	103423	30.796875
1117099	52516	30.78125
1117099	74529	30.78125
1117099	254354	30.78125
1117099	700493	30.78125
1117099	343999	30.78125
1117099	809963	30.78125
1117099	375965	30.78125
1117099	700501	30.78125
1117099	47817	30.78125
1117099	117378	30.78125
1117099	696157	30.765625
1117099	491967	30.765625
1117099	85666	30.765625
1117099	313445	30.765625
1117099	458153	30.765625
1117099	325562	30.75
1117099	111871	30.75
1117099	225483	30.75
1117099	588857	30.75
1117099	458152	30.75
1117099	588858	30.75
1117099	874219	30.75
1117099	459554	30.75
1117099	464298	30.75
1117099	230588	30.734375
1117099	74526	30.734375
1117099	230596	30.734375
1117099	343994	30.734375
1117099	588852	30.734375
1117099	588859	30.734375
1117099	47815	30.734375
1117099	47820	30.734375
1117099	74528	30.734375
1117099	744288	30.734375
1117099	61695	30.734375
1117099	114509	30.734375
1117099	189601	30.734375
1117099	364543	30.734375
1117099	769814	30.734375
1117099	874215	30.71875
1117099	74524	30.71875
1117099	580586	30.71875
1117099	111872	30.71875
1117099	364538	30.71875
1117099	549520	30.71875
1117099	225485	30.71875
1117099	306931	30.71875
1117099	769815	30.71875
1117099	769822	30.71875
1117099	84625	30.71875
1117099	379395	30.71875
1117099	1049	30.703125
1117099	230589	30.703125
1117099	491969	30.703125
1117099	747227	30.703125
1117099	179580	30.703125
1117099	230592	30.703125
1117099	230593	30.703125
1117099	671900	30.703125
1117099	297116	30.703125
1117099	484696	30.703125
1117099	555973	30.703125
1117099	606629	30.703125
1117099	99590	30.6875
1117099	5663	30.6875
1117099	491963	30.6875
1117099	52303	30.6875
1117099	225486	30.6875
1117099	375962	30.6875
1117099	588850	30.6875
1117099	606635	30.6875
1117099	812277	30.6875
1117099	878223	30.6875
1121402	188213	31.0
1121402	182372	30.96875
1121402	182369	30.953125
1121402	182368	30.8125
1121402	182366	30.78125
1121402	188216	30.78125
1121402	182365	30.734375
1121402	188215	30.734375
1121402	188209	30.71875
1121402	188217	30.71875
1121402	188218	30.71875
1121402	188211	30.703125
1121402	182364	30.6875
1121402	188214	30.6875
1121402	182367	30.671875
1121402	182371	30.65625
1121402	133239	30.65625
1121402	188210	30.640625
1121402	182370	30.609375
1121402	498584	30.578125
1121402	43770	30.5625
1121402	182373	30.5625
1121402	625220	30.546875
1121402	625222	30.53125
1121402	255095	30.53125
1121402	46968	30.515625
1121402	95998	30.515625
1121402	341343	30.515625
1121402	255096	30.515625
1121402	465100	30.5
1121402	155382	30.5
1121402	16856	30.484375
1121402	625224	30.484375
1121402	808143	30.46875
1121402	457341	30.46875
1121402	531866	30.46875
1121402	26198	30.46875
1121402	133171	30.46875
1121402	498578	30.453125
1121402	628204	30.453125
1121402	3757	30.453125
1121402	609200	30.453125
1121402	876959	30.453125
1121402	53137	30.4375
1121402	656555	30.4375
1121402	53696	30.4375
1121402	252277	30.4375
1121402	341346	30.4375
1121402	296669	30.4375
1121402	498577	30.4375
1121402	794538	30.421875
1121402	843697	30.421875
1121402	618404	30.421875
1121402	341347	30.421875
1121402	20796	30.421875
1121402	213170	30.421875
1121402	297829	30.421875
1121402	448773	30.421875
1121402	751641	30.421875
1121402	518762	30.40625
1121402	794537	30.40625
1121402	824654	30.40625
1121402	53699	30.40625
1121402	161476	30.40625
1121402	465105	30.40625
1121402	340680	30.40625
1121402	608716	30.40625
1121402	651219	30.390625
1121402	134560	30.390625
1121402	609202	30.390625
1121402	118440	30.390625
1121402	134561	30.390625
1121402	606270	30.390625
1121402	18281	30.390625
1121402	142411	30.390625
1121402	220642	30.390625
1121402	234842	30.390625
1121402	465101	30.390625
1121402	465103	30.390625
1121402	647025	30.375
1121402	688372	30.375
1121402	53694	30.375
1121402	301162	30.375
1121402	433763	30.375
1121402	465109	30.375
1121402	704536	30.375
1121402	124321	30.375
1121402	179523	30.375
1121402	589182	30.375
1121402	863391	30.375
1121402	10032	30.375
1121402	227845	30.375
1121402	394875	30.375
1121402	436570	30.375
1121402	609203	30.375
1121402	118438	30.375
1121402	118439	30.375
1121402	437856	30.375
1121402	606264	30.375
1121402	807115	30.375
1121709	606074	30.953125
1121709	606077	30.953125
1121709	193644	30.859375
1121709	8571	30.84375
1121709	768828	30.828125
1121709	504876	30.8125
1121709	231865	30.8125
1121709	453688	30.796875
1121709	875705	30.796875
1121709	425274	30.78125
1121709	817592	30.78125
1121709	438530	30.78125
1121709	868985	30.78125
1121709	614161	30.78125
1121709	700135	30.78125
1121709	575492	30.78125
1121709	443774	30.78125
1121709	240171	30.78125
1121709	439766	30.78125
1121709	356326	30.765625
1121709	428300	30.765625
1121709	529547	30.765625
1121709	6600	30.765625
1121709	160518	30.765625
1121709	736611	30.765625
1121709	758029	30.765625
1121709	784005	30.765625
1121709	870276	30.765625
1121709	735567	30.75
1121709	707445	30.75
1121709	49285	30.75
1121709	44106	30.75
1121709	438529	30.75
1121709	67154	30.75
1121709	77676	30.75
1121709	511306	30.75
1121709	585820	30.75
1121709	623729	30.75
1121709	708967	30.75
1121709	663359	30.75
1121709	194291	30.75
1121709	681564	30.75
1121709	79725	30.75
1121709	555970	30.75
1121709	472566	30.734375
1121709	688474	30.734375
1121709	370098	30.734375
1121709	194173	30.734375
1121709	563253	30.734375
1121709	747826	30.734375
1121709	857401	30.734375
1121709	24427	30.734375
1121709	792262	30.734375
1121709	30129	30.734375
1121709	84886	30.734375
1121709	134455	30.734375
1121709	310627	30.734375
1121709	512326	30.734375
1121709	216949	30.734375
1121709	537061	30.734375
1121709	214326	30.71875
1121709	680162	30.71875
1121709	751466	30.71875
1121709	356323	30.71875
1121709	246830	30.71875
1121709	298939	30.71875
1121709	792271	30.71875
1121709	418559	30.71875
1121709	40956	30.71875
1121709	67151	30.71875
1121709	697608	30.71875
1121709	7387	30.71875
1121709	102859	30.71875
1121709	260710	30.71875
1121709	663362	30.71875
1121709	226927	30.71875
1121709	121314	30.703125
1121709	425280	30.703125
1121709	194292	30.703125
1121709	79722	30.703125
1121709	710918	30.703125
1121709	851789	30.703125
1121709	11447	30.703125
1121709	79727	30.703125
1121709	243833	30.703125
1121709	252422	30.703125
1121709	601453	30.703125
1121709	625046	30.703125
1121709	912	30.703125
1121709	47155	30.703125
1121709	194288	30.703125
1121709	431846	30.703125
1121709	493942	30.703125
1121709	77854	30.6875
1121709	386430	30.6875
1121709	563254	30.6875
1121709	711240	30.6875
1121709	45888	30.6875
1121709	205408	30.6875
1121709	347923	30.6875
1124210	546158	31.28125
1124210	469563	31.28125
1124210	469565	31.265625
1124210	607910	31.265625
1124210	469564	31.25
1124210	473763	31.25
1124210	148318	31.25
1124210	181177	31.25
1124210	841738	31.25
1124210	492317	31.25
1124210	702618	31.25
1124210	475041	31.234375
1124210	546155	31.234375
1124210	841739	31.234375
1124210	580882	31.234375
1124210	23172	31.21875
1124210	319390	31.21875
1124210	352987	31.21875
1124210	546157	31.21875
1124210	443349	31.21875
1124210	648874	31.21875
1124210	729900	31.21875
1124210	371354	31.21875
1124210	443350	31.21875
1124210	292650	31.21875
1124210	841743	31.21875
1124210	546162	31.21875
1124210	358461	31.21875
1124210	145274	31.203125
1124210	443347	31.203125
1124210	580888	31.203125
1124210	306319	31.203125
1124210	469562	31.203125
1124210	502332	31.203125
1124210	580886	31.203125
1124210	655465	31.203125
1124210	45000	31.203125
1124210	148314	31.203125
1124210	555792	31.203125
1124210	593527	31.203125
1124210	371357	31.203125
1124210	535206	31.203125
1124210	593531	31.203125
1124210	354912	31.203125
1124210	787515	31.203125
1124210	829948	31.1875
1124210	380692	31.1875
1124210	29433	31.1875
1124210	371352	31.1875
1124210	29426	31.1875
1124210	586674	31.1875
1124210	473258	31.1875
1124210	408089	31.1875
1124210	546156	31.1875
1124210	674624	31.171875
1124210	317551	31.171875
1124210	14150	31.171875
1124210	24373	31.171875
1124210	535200	31.171875
1124210	883332	31.171875
1124210	76877	31.171875
1124210	473760	31.171875
1124210	795660	31.171875
1124210	841745	31.171875
1124210	57010	31.171875
1124210	371355	31.171875
1124210	702622	31.171875
1124210	787522	31.171875
1124210	833424	31.171875
1124210	131190	31.171875
1124210	258702	31.171875
1124210	399347	31.15625
1124210	580885	31.15625
1124210	674621	31.15625
1124210	831461	31.15625
1124210	145273	31.15625
1124210	273566	31.15625
1124210	380688	31.15625
1124210	580884	31.15625
1124210	883333	31.15625
1124210	475038	31.15625
1124210	883334	31.15625
1124210	273571	31.15625
1124210	443348	31.15625
1124210	399348	31.15625
1124210	729893	31.15625
1124210	829951	31.15625
1124210	148316	31.15625
1124210	273573	31.15625
1124210	297723	31.15625
1124210	546154	31.15625
1124210	555785	31.15625
1124210	768863	31.15625
1124210	674622	31.140625
1124210	142985	31.140625
1124210	145271	31.140625
1124210	145272	31.140625
1124210	399841	31.140625
1124210	502333	31.140625
1124210	607906	31.140625
1129237	128984	31.375
1129237	128989	31.375
1129237	128982	31.296875
1129237	162127	31.109375
1129237	321226	31.078125
1129237	301944	31.0625
1129237	120308	31.046875
1129237	710733	31.046875
1129237	120314	31.03125
1129237	120315	31.03125
1129237	722362	31.03125
1129237	824966	31.03125
1129237	302210	31.015625
1129237	767822	31.015625
1129237	856958	31.015625
1129237	650565	31.015625
1129237	461835	31.015625
1129237	806652	31.0
1129237	120311	31.0
1129237	262492	31.0
1129237	818340	30.984375
1129237	568162	30.984375
1129237	608384	30.984375
1129237	120801	30.96875
1129237	335726	30.953125
1129237	749265	30.953125
1129237	125688	30.953125
1129237	301943	30.953125
1129237	643290	30.953125
1129237	554721	30.953125
1129237	89896	30.9375
1129237	574883	30.9375
1129237	722357	30.9375
1129237	126436	30.9375
1129237	301585	30.9375
1129237	659727	30.9375
1129237	659736	30.9375
1129237	241786	30.9375
1129237	608449	30.921875
1129237	608453	30.921875
1129237	392579	30.921875
1129237	461837	30.921875
1129237	240957	30.921875
1129237	120807	30.921875
1129237	184212	30.921875
1129237	774493	30.921875
1129237	126438	30.90625
1129237	265500	30.90625
1129237	411249	30.90625
1129237	817012	30.90625
1129237	188843	30.90625
1129237	483367	30.90625
1129237	43857	30.890625
1129237	806653	30.890625
1129237	128153	30.890625
1129237	649858	30.890625
1129237	669396	30.890625
1129237	664278	30.890625
1129237	124180	30.890625
1129237	43852	30.875
1129237	518662	30.875
1129237	718424	30.875
1129237	184208	30.875
1129237	567415	30.875
1129237	128986	30.875
1129237	248430	30.875
1129237	262491	30.875
1129237	424345	30.875
1129237	722455	30.875
1129237	356781	30.875
1129237	394341	30.875
1129237	476217	30.875
1129237	714213	30.859375
1129237	275589	30.859375
1129237	349770	30.859375
1129237	631791	30.859375
1129237	461248	30.859375
1129237	710737	30.859375
1129237	126439	30.859375
1129237	806651	30.859375
1129237	773489	30.859375
1129237	130378	30.859375
1129237	31425	30.859375
1129237	513666	30.859375
1129237	574884	30.859375
1129237	503492	30.859375
1129237	607347	30.859375
1129237	409040	30.84375
1129237	334065	30.84375
1129237	519977	30.84375
1129237	646956	30.84375
1129237	833570	30.84375
1129237	440934	30.84375
1129237	249089	30.84375
1129237	165346	30.84375
1129237	262487	30.84375
1129237	250168	30.84375
1129237	781128	30.84375
1129237	18860	30.84375
1129237	827057	30.828125
1133167	190806	31.390625
1133167	190803	31.359375
1133167	434121	31.359375
1133167	190804	31.328125
1133167	823272	31.3125
1133167	823274	31.3125
1133167	434123	31.296875
1133167	434120	31.296875
1133167	823280	31.28125
1133167	434125	31.28125
1133167	190811	31.265625
1133167	190805	31.265625
1133167	823277	31.265625
1133167	190810	31.265625
1133167	434119	31.265625
1133167	6140	31.25
1133167	190802	31.25
1133167	6142	31.234375
1133167	434126	31.234375
1133167	823276	31.234375
1133167	823275	31.21875
1133167	190808	31.203125
1133167	190809	31.1875
1133167	6138	31.1875
1133167	434124	31.171875
1133167	823279	31.171875
1133167	823273	31.171875
1133167	823278	31.125
1133167	563738	31.125
1133167	189068	31.109375
1133167	6143	31.0625
1133167	328997	31.03125
1133167	332787	30.984375
1133167	434122	30.9375
1133167	166396	30.921875
1133167	361265	30.921875
1133167	6136	30.90625
1133167	69053	30.90625
1133167	487673	30.90625
1133167	820734	30.90625
1133167	411636	30.90625
1133167	481420	30.890625
1133167	18344	30.890625
1133167	189066	30.890625
1133167	189070	30.890625
1133167	487669	30.890625
1133167	6144	30.875
1133167	189071	30.875
1133167	820732	30.875
1133167	169791	30.875
1133167	313239	30.875
1133167	332789	30.875
1133167	466769	30.875
1133167	663866	30.859375
1133167	798141	30.859375
1133167	402080	30.859375
1133167	56194	30.84375
1133167	189072	30.84375
1133167	232758	30.84375
1133167	487675	30.84375
1133167	515476	30.84375
1133167	687104	30.84375
1133167	279454	30.84375
1133167	606824	30.84375
1133167	361161	30.84375
1133167	824912	30.84375
1133167	6141	30.84375
1133167	424908	30.84375
1133167	606827	30.84375
1133167	663862	30.828125
1133167	487672	30.828125
1133167	761533	30.828125
1133167	90875	30.828125
1133167	121823	30.828125
1133167	313241	30.828125
1133167	865347	30.828125
1133167	761534	30.8125
1133167	663865	30.8125
1133167	761529	30.8125
1133167	798145	30.8125
1133167	92965	30.8125
1133167	194132	30.8125
1133167	736042	30.8125
1133167	56745	30.8125
1133167	462570	30.8125
1133167	820728	30.8125
1133167	402083	30.8125
1133167	86229	30.8125
1133167	121033	30.8125
1133167	313242	30.8125
1133167	409984	30.8125
1133167	449264	30.8125
1133167	86222	30.8125
1133167	424902	30.8125
1133167	460216	30.8125
1133167	819480	30.796875
1133167	877752	30.796875
1133167	299928	30.796875
1133167	232757	30.796875
1133167	402078	30.796875
